123 633
137 701
149 667
157 446
168 740
170 675
180 689
188 695
190 757
191 716
192 311
200 683
207 732
213 696
214 720
218 664
222 682
224 666
225 650
227 793
228 264
230 791
231 682
232 663
233 1160
238 775
239 792
247 1093
248 703
249 706
249 800
250 639
250 643
251 648
256 637
257 1141
257 1188
262 590
262 1093
263 1123
264 1077
267 816
271 636
271 1199
272 1112
273 662
273 802
277 697
277 707
277 973
279 732
279 791
279 1157
281 538
281 595
282 627
282 803
283 679
284 704
286 724
287 987
287 1199
288 823
293 634
293 949
294 678
294 803
294 809
294 1074
295 787
295 1195
296 735
296 830
297 813
297 1170
298 1030
300 1072
301 722
302 1057
303 1160
304 933
306 812
306 1187
307 789
308 1199
313 936
313 1025
314 975
316 1077
316 1142
317 732
317 1028
320 1079
321 1003
324 65
324 947
326 643
327 696
328 671
328 1088
328 1135
329 40
330 950
330 1187
331 574
333 44
334 825
336 592
336 1129
337 571
338 1125
339 82
339 1022
339 1029
340 489
340 797
340 846
341 698
341 790
341 1043
342 1172
343 210
343 535
344 190
344 713
345 987
347 991
348 335
348 609
348 1008
349 332
349 546
349 909
350 430
351 235
351 403
351 410
352 123
354 973
355 134
355 208
355 1059
356 22
356 590
356 598
356 721
358 172
360 953
361 180
362 24
363 554
363 1020
365 1193
366 369
368 665
368 931
370 441
371 902
371 966
371 1073
372 1030
373 685
373 695
374 1004
374 1074
375 897
375 911
376 956
377 173
378 29
378 614
378 615
378 637
378 713
379 559
380 440
381 948
381 1005
382 47
382 471
383 962
384 666
384 824
384 893
385 1054
386 678
386 1182
386 1188
387 56
387 1070
389 553
389 894
390 1060
390 1099
391 65
391 564
391 1031
391 1064
392 555
392 774
392 1096
393 450
395 1052
396 115
396 202
397 884
398 224
399 818
402 265
404 922
405 537
406 876
406 918
408 253
408 635
408 887
409 560
409 962
412 107
415 788
416 265
416 725
417 109
417 110
418 780
419 266
420 427
422 276
422 788
423 176
424 562
424 1124
425 574
427 77
427 926
429 921
430 746
431 213
432 746
433 342
433 535
433 890
434 610
434 923
435 74
435 641
435 735
436 298
438 207
438 922
440 909
442 276
442 861
444 149
446 67
448 743
448 759
448 870
448 901
449 790
451 575
451 792
451 855
452 844
455 124
455 642
455 647
456 246
458 493
458 751
458 869
459 582
460 448
460 590
461 95
461 719
462 290
462 297
463 292
463 386
463 578
464 651
465 453
465 656
465 661
465 669
466 458
466 798
467 847
468 852
469 589
470 816
470 829
470 852
471 182
471 657
471 1056
473 133
474 237
474 652
477 89
477 126
477 552
477 956
478 560
479 620
481 268
481 858
481 1055
482 561
483 120
483 434
483 611
484 247
484 640
485 304
485 622
486 695
487 270
487 735
488 348
488 419
488 571
488 665
489 145
489 294
489 743
489 744
490 96
491 320
491 749
492 243
492 329
494 281
494 418
496 151
498 729
498 749
498 1096
499 183
500 268
500 581
501 456
502 740
504 232
505 550
505 743
507 20
508 337
508 357
510 741
512 86
514 187
514 713
515 738
517 47
517 85
517 210
517 568
518 867
518 1117
519 86
520 2
520 3
520 382
520 1156
523 43
526 44
533 848
534 487
535 15
535 731
539 371
541 16
541 195
541 356
543 849
545 112
545 972
546 66
546 946
547 1180
548 202
548 1164
548 1170
550 55
550 65
550 731
551 344
551 486
551 720
552 1090
553 953
555 318
555 433
555 538
556 963
556 964
557 155
557 270
557 736
558 154
558 985
559 798
559 891
559 1114
560 240
562 731
563 739
564 274
567 101
567 950
567 1090
568 28
568 265
568 512
570 692
570 972
571 249
572 274
572 581
573 559
575 14
575 713
576 14
576 25
576 27
576 34
576 36
576 48
576 1078
577 14
577 15
577 16
577 17
577 18
577 25
577 27
577 28
577 29
577 30
577 31
577 32
577 33
577 34
577 36
577 37
577 38
577 39
577 40
577 41
577 42
577 43
577 44
577 45
577 46
577 47
577 96
577 105
577 106
577 108
577 109
577 110
577 111
577 112
577 113
577 118
577 122
577 123
577 124
577 126
577 127
577 128
578 25
578 26
578 30
578 36
578 96
578 115
578 116
578 117
578 120
578 121
578 136
578 139
578 142
578 144
578 151
578 152
578 153
578 156
578 158
578 159
578 171
578 172
578 173
578 174
578 175
578 176
578 178
578 181
578 182
578 184
578 188
578 248
578 250
578 261
579 30
579 31
579 32
579 34
579 35
579 96
579 113
579 114
579 119
579 120
579 127
579 134
579 135
579 138
579 139
579 140
579 142
579 145
579 146
579 150
579 151
579 154
579 155
579 156
579 158
579 178
579 179
579 181
579 184
579 189
579 197
579 199
579 200
579 208
579 209
579 210
579 211
579 212
579 213
579 214
579 215
579 216
579 217
579 218
579 219
579 220
579 221
579 222
579 223
579 224
579 225
579 226
579 227
579 228
579 229
579 230
579 231
579 232
579 233
579 234
579 361
579 654
579 731
580 33
580 97
580 112
580 113
580 117
580 118
580 119
580 127
580 128
580 129
580 135
580 136
580 140
580 141
580 146
580 147
580 149
580 150
580 153
580 154
580 156
580 158
580 173
580 179
580 182
580 183
580 196
580 197
580 200
580 201
580 202
580 203
580 204
580 205
580 208
580 234
580 241
580 246
580 247
580 248
580 249
580 250
580 251
580 256
580 257
580 258
580 259
580 260
580 261
580 262
580 263
580 269
580 270
580 271
580 275
580 282
580 288
580 290
580 291
580 292
580 293
580 294
580 295
580 296
580 297
580 298
580 299
580 300
580 301
580 302
580 303
581 97
581 111
581 112
581 115
581 116
581 127
581 129
581 130
581 136
581 148
581 149
581 152
581 155
581 168
581 169
581 170
581 171
581 174
581 175
581 180
581 183
581 184
581 185
581 186
581 187
581 188
581 189
581 190
581 191
581 192
581 196
581 208
581 229
581 234
581 241
581 252
581 253
581 256
581 263
581 272
581 275
581 277
581 282
581 290
581 305
581 308
581 312
581 313
581 315
581 318
582 96
582 108
582 109
582 110
582 111
582 114
582 115
582 127
582 130
582 136
582 145
582 146
582 147
582 151
582 155
582 157
582 172
582 174
582 180
582 181
582 192
582 199
582 200
582 203
582 208
582 216
582 220
582 221
582 229
582 234
582 240
582 241
582 247
582 253
582 254
582 255
582 256
582 263
582 271
582 273
582 274
582 275
582 276
582 277
582 279
582 281
582 282
582 283
582 284
582 286
582 287
582 290
582 292
582 300
582 301
582 302
582 306
582 307
582 309
582 312
582 315
582 317
582 382
582 702
583 96
583 107
583 108
583 112
583 113
583 114
583 121
583 122
583 124
583 125
583 126
583 130
583 131
583 132
583 133
583 134
583 135
583 136
583 137
583 138
583 139
583 145
583 146
583 149
583 150
583 155
583 156
583 171
583 174
583 175
583 176
583 179
583 181
583 182
583 183
583 184
583 185
583 190
583 191
583 192
583 193
583 194
583 195
583 196
583 197
583 198
583 201
583 202
583 204
583 205
583 206
583 208
583 209
583 210
583 211
583 212
583 213
583 214
583 217
583 218
583 219
583 221
583 222
583 223
583 229
583 240
583 241
583 242
583 248
583 250
583 251
583 252
583 254
583 263
583 265
583 266
583 267
583 268
583 270
583 271
583 278
583 279
583 280
583 282
583 286
583 290
583 291
583 292
583 295
583 306
583 312
583 317
583 366
583 382
583 420
583 425
583 731
583 1045
583 1050
584 84
584 85
584 86
584 87
584 88
584 89
584 90
584 91
584 92
584 93
584 97
584 99
584 100
584 101
584 104
584 105
584 106
584 107
584 111
584 114
584 115
584 116
584 117
584 118
584 119
584 120
584 123
584 127
584 129
584 132
584 140
584 141
584 144
584 145
584 148
584 149
584 156
584 172
584 173
584 174
584 179
584 186
584 187
584 189
584 208
584 210
584 224
584 225
584 226
584 229
584 239
584 243
584 244
584 245
584 248
584 263
584 265
584 268
584 270
584 280
584 290
584 293
584 295
584 296
584 297
584 298
584 299
584 300
584 301
584 302
584 303
584 304
584 305
584 306
584 307
584 312
584 316
584 317
584 366
584 381
584 420
584 425
584 488
584 531
585 48
585 50
585 51
585 94
585 97
585 98
585 102
585 103
585 109
585 110
585 127
585 128
585 142
585 143
585 147
585 148
585 171
585 179
585 180
585 181
585 182
585 183
585 186
585 208
585 213
585 214
585 226
585 229
585 231
585 232
585 238
585 245
585 247
585 248
585 262
585 265
585 268
585 270
585 274
585 276
585 280
585 290
585 293
585 295
585 306
585 308
585 309
585 310
585 312
585 316
585 356
585 357
585 358
585 366
585 381
585 420
585 425
585 488
585 531
585 553
585 554
585 556
585 558
585 572
585 576
585 577
585 581
585 856
586 37
586 38
586 39
586 40
586 41
586 42
586 43
586 44
586 45
586 46
586 47
586 49
586 52
586 91
586 92
586 95
586 97
586 107
586 108
586 111
586 112
586 113
586 114
586 115
586 116
586 117
586 118
586 138
586 139
586 142
586 145
586 146
586 149
586 170
586 175
586 176
586 177
586 184
586 185
586 208
586 212
586 213
586 223
586 224
586 226
586 229
586 230
586 231
586 232
586 238
586 242
586 244
586 247
586 250
586 253
586 254
586 255
586 256
586 262
586 264
586 270
586 272
586 273
586 274
586 276
586 280
586 282
586 283
586 284
586 290
586 293
586 295
586 296
586 297
586 298
586 300
586 301
586 303
586 304
586 305
586 306
586 308
586 311
586 313
586 314
586 315
586 316
586 359
586 361
586 366
586 367
586 368
586 369
586 370
586 380
586 381
586 420
586 425
586 487
586 488
586 531
586 554
586 556
586 558
586 572
586 578
586 581
587 37
587 49
587 52
587 53
587 91
587 96
587 97
587 103
587 104
587 105
587 106
587 140
587 141
587 144
587 145
587 149
587 150
587 162
587 163
587 164
587 165
587 169
587 170
587 171
587 178
587 179
587 180
587 212
587 226
587 232
587 238
587 240
587 241
587 242
587 243
587 244
587 247
587 248
587 251
587 252
587 254
587 256
587 274
587 275
587 276
587 281
587 285
587 286
587 287
587 288
587 290
587 291
587 292
587 293
587 299
587 306
587 307
587 327
587 328
587 329
587 330
587 331
587 359
587 361
587 380
587 420
587 425
587 486
587 487
587 531
587 555
587 558
587 562
587 570
587 572
587 577
587 581
587 699
587 702
587 1154
587 1166
588 37
588 49
588 53
588 58
588 59
588 60
588 61
588 62
588 91
588 92
588 93
588 94
588 102
588 103
588 107
588 112
588 139
588 140
588 143
588 144
588 146
588 149
588 165
588 169
588 172
588 179
588 182
588 183
588 184
588 207
588 208
588 212
588 213
588 226
588 232
588 235
588 238
588 239
588 240
588 248
588 251
588 254
588 256
588 290
588 293
588 300
588 303
588 304
588 307
588 309
588 310
588 311
588 312
588 313
588 314
588 315
588 316
588 317
588 322
588 323
588 325
588 326
588 333
588 334
588 359
588 361
588 373
588 375
588 380
588 381
588 420
588 422
588 425
588 473
588 474
588 475
588 476
588 482
588 483
588 484
588 485
588 486
588 528
588 530
588 531
588 555
588 558
588 562
588 569
588 570
588 573
588 575
588 577
588 581
588 699
588 702
588 715
588 716
588 717
588 718
588 719
588 720
588 729
588 731
588 735
588 737
588 741
588 746
588 749
588 1023
589 57
589 58
589 81
589 97
589 101
589 102
589 106
589 107
589 113
589 114
589 115
589 116
589 138
589 139
589 142
589 143
589 146
589 147
589 148
589 149
589 153
589 164
589 169
589 170
589 179
589 180
589 181
589 191
589 214
589 215
589 216
589 226
589 227
589 228
589 233
589 235
589 236
589 237
589 242
589 251
589 254
589 256
589 279
589 280
589 281
589 283
589 284
589 285
589 286
589 287
589 288
589 290
589 297
589 300
589 304
589 305
589 306
589 307
589 318
589 319
589 322
589 325
589 328
589 329
589 330
589 331
589 332
589 333
589 359
589 360
589 361
589 362
589 366
589 367
589 372
589 373
589 374
589 375
589 376
589 381
589 382
589 420
589 422
589 425
589 477
589 480
589 481
589 527
589 529
589 532
589 556
589 558
589 562
589 568
589 569
589 573
589 574
589 577
589 581
589 699
589 702
589 715
589 729
589 731
589 737
589 741
589 746
589 749
590 56
590 57
590 60
590 61
590 62
590 80
590 86
590 88
590 94
590 95
590 96
590 99
590 100
590 101
590 116
590 137
590 141
590 142
590 148
590 153
590 163
590 169
590 170
590 171
590 173
590 178
590 179
590 191
590 202
590 205
590 206
590 208
590 209
590 216
590 217
590 218
590 219
590 221
590 222
590 223
590 224
590 225
590 229
590 230
590 231
590 233
590 236
590 241
590 243
590 244
590 245
590 246
590 251
590 253
590 255
590 276
590 279
590 281
590 282
590 285
590 288
590 291
590 293
590 294
590 298
590 300
590 312
590 313
590 314
590 315
590 316
590 319
590 322
590 325
590 326
590 327
590 368
590 369
590 370
590 372
590 376
590 377
590 382
590 420
590 422
590 425
590 478
590 479
590 480
590 532
590 556
590 558
590 562
590 568
590 574
590 575
590 576
590 577
590 581
590 699
590 702
590 715
590 729
590 731
590 736
590 737
590 741
590 746
590 749
590 850
590 856
590 868
590 873
591 54
591 55
591 56
591 59
591 80
591 81
591 82
591 83
591 84
591 85
591 87
591 89
591 90
591 91
591 92
591 93
591 97
591 98
591 99
591 112
591 113
591 116
591 122
591 135
591 136
591 139
591 140
591 145
591 153
591 155
591 163
591 169
591 174
591 178
591 191
591 202
591 207
591 214
591 215
591 221
591 231
591 234
591 246
591 253
591 274
591 275
591 276
591 279
591 281
591 285
591 290
591 293
591 294
591 295
591 297
591 298
591 300
591 319
591 322
591 330
591 334
591 335
591 336
591 337
591 371
591 372
591 374
591 378
591 382
591 420
591 422
591 425
591 472
591 473
591 474
591 475
591 476
591 477
591 478
591 480
591 481
591 482
591 483
591 484
591 485
591 486
591 487
591 514
591 515
591 516
591 517
591 518
591 519
591 520
591 528
591 529
591 532
591 556
591 558
591 568
591 569
591 573
591 576
591 577
591 581
591 699
591 702
591 715
591 716
591 729
591 731
591 736
591 737
591 741
591 746
591 749
591 851
591 856
591 868
591 873
591 878
591 880
592 54
592 57
592 58
592 95
592 96
592 97
592 113
592 116
592 122
592 134
592 135
592 138
592 139
592 144
592 146
592 153
592 155
592 163
592 172
592 173
592 174
592 178
592 191
592 192
592 200
592 201
592 214
592 216
592 218
592 232
592 234
592 236
592 244
592 247
592 248
592 249
592 274
592 276
592 278
592 279
592 280
592 281
592 282
592 285
592 287
592 288
592 291
592 297
592 300
592 312
592 314
592 315
592 316
592 317
592 318
592 319
592 320
592 321
592 322
592 324
592 327
592 328
592 329
592 330
592 331
592 333
592 334
592 341
592 371
592 374
592 378
592 383
592 420
592 422
592 425
592 487
592 514
592 521
592 522
592 523
592 524
592 525
592 526
592 527
592 531
592 556
592 558
592 570
592 571
592 572
592 573
592 574
592 575
592 577
592 578
592 579
592 581
592 699
592 702
592 716
592 729
592 731
592 737
592 741
592 746
592 749
592 851
592 856
592 868
592 869
592 872
592 878
592 880
592 885
592 887
592 888
593 54
593 58
593 89
593 94
593 98
593 100
593 113
593 116
593 122
593 133
593 134
593 137
593 138
593 143
593 146
593 147
593 153
593 155
593 163
593 192
593 194
593 195
593 196
593 199
593 200
593 202
593 206
593 209
593 217
593 221
593 231
593 232
593 234
593 235
593 236
593 240
593 244
593 247
593 250
593 253
593 254
593 255
593 278
593 282
593 283
593 289
593 296
593 297
593 300
593 309
593 310
593 311
593 314
593 316
593 319
593 324
593 328
593 330
593 332
593 337
593 338
593 339
593 340
593 363
593 372
593 375
593 378
593 383
593 420
593 422
593 425
593 487
593 514
593 529
593 530
593 531
593 556
593 558
593 559
593 568
593 572
593 575
593 581
593 699
593 702
593 716
593 717
593 729
593 731
593 737
593 741
593 746
593 749
593 851
593 856
593 869
593 872
593 877
593 880
593 883
593 884
593 885
593 886
594 51
594 53
594 58
594 59
594 60
594 88
594 89
594 94
594 98
594 99
594 100
594 113
594 116
594 117
594 118
594 119
594 121
594 132
594 133
594 136
594 137
594 144
594 147
594 153
594 155
594 156
594 157
594 158
594 173
594 174
594 192
594 194
594 196
594 197
594 198
594 199
594 206
594 207
594 209
594 217
594 218
594 219
594 220
594 221
594 223
594 232
594 239
594 240
594 243
594 246
594 250
594 251
594 253
594 267
594 279
594 280
594 281
594 289
594 290
594 291
594 292
594 295
594 296
594 300
594 313
594 314
594 315
594 316
594 317
594 324
594 325
594 326
594 327
594 329
594 330
594 337
594 362
594 363
594 364
594 372
594 375
594 378
594 383
594 420
594 422
594 425
594 487
594 514
594 515
594 529
594 556
594 559
594 563
594 564
594 568
594 569
594 571
594 573
594 575
594 579
594 581
594 699
594 702
594 716
594 729
594 731
594 737
594 741
594 746
594 749
594 851
594 856
594 869
594 872
594 877
594 880
595 52
595 53
595 60
595 61
595 85
595 86
595 87
595 91
595 92
595 94
595 113
595 120
595 122
595 126
595 130
595 131
595 132
595 135
595 136
595 145
595 147
595 153
595 159
595 175
595 176
595 191
595 193
595 207
595 209
595 211
595 219
595 221
595 223
595 232
595 233
595 234
595 235
595 236
595 237
595 238
595 245
595 251
595 254
595 255
595 256
595 257
595 267
595 293
595 295
595 302
595 317
595 318
595 320
595 321
595 326
595 337
595 347
595 362
595 364
595 365
595 366
595 372
595 375
595 378
595 383
595 420
595 422
595 425
595 476
595 488
595 489
595 529
595 550
595 551
595 552
595 556
595 557
595 560
595 561
595 563
595 564
595 570
595 575
595 577
595 579
595 581
595 699
595 702
595 716
595 726
595 727
595 729
595 731
595 736
595 737
595 741
595 746
595 749
595 851
595 856
595 869
595 872
595 877
595 878
595 879
595 880
595 949
595 950
595 1026
595 1027
595 1028
595 1032
595 1033
595 1085
595 1086
595 1087
595 1088
595 1089
595 1090
595 1091
595 1092
595 1093
595 1094
595 1095
595 1096
595 1111
595 1112
595 1113
595 1147
595 1148
595 1149
595 1150
596 29
596 54
596 61
596 64
596 65
596 83
596 84
596 89
596 90
596 95
596 96
596 97
596 115
596 123
596 127
596 128
596 129
596 134
596 145
596 146
596 147
596 153
596 154
596 172
596 173
596 174
596 175
596 177
596 190
596 191
596 193
596 199
596 200
596 201
596 202
596 203
596 204
596 205
596 206
596 207
596 210
596 211
596 218
596 222
596 224
596 230
596 232
596 246
596 250
596 253
596 258
596 259
596 266
596 267
596 268
596 269
596 276
596 277
596 279
596 280
596 281
596 284
596 285
596 294
596 298
596 301
596 302
596 303
596 318
596 319
596 321
596 323
596 324
596 326
596 337
596 338
596 347
596 366
596 373
596 375
596 378
596 383
596 418
596 419
596 420
596 422
596 425
596 472
596 473
596 474
596 475
596 476
596 477
596 478
596 479
596 550
596 553
596 555
596 558
596 559
596 562
596 563
596 570
596 575
596 577
596 578
596 579
596 581
596 699
596 702
596 716
596 717
596 718
596 719
596 720
596 724
596 725
596 727
596 729
596 731
596 733
596 736
596 737
596 741
596 746
596 749
596 851
596 856
596 868
596 869
596 877
596 879
596 880
596 949
596 951
596 952
596 1020
596 1021
596 1022
596 1023
596 1024
596 1025
596 1028
596 1029
596 1030
596 1031
596 1033
596 1083
596 1084
596 1092
596 1095
596 1114
596 1115
596 1116
596 1117
596 1118
596 1119
596 1196
597 29
597 52
597 53
597 54
597 55
597 63
597 64
597 81
597 82
597 86
597 87
597 88
597 89
597 94
597 115
597 116
597 117
597 118
597 120
597 121
597 124
597 127
597 132
597 133
597 135
597 148
597 149
597 150
597 151
597 152
597 155
597 156
597 157
597 158
597 159
597 160
597 172
597 173
597 175
597 196
597 197
597 198
597 210
597 219
597 220
597 222
597 231
597 232
597 248
597 249
597 276
597 278
597 279
597 282
597 286
597 291
597 292
597 297
597 300
597 303
597 310
597 311
597 312
597 319
597 320
597 325
597 328
597 334
597 335
597 338
597 339
597 341
597 342
597 343
597 347
597 348
597 349
597 351
597 373
597 375
597 379
597 382
597 383
597 420
597 422
597 425
597 470
597 479
597 480
597 481
597 482
597 483
597 484
597 485
597 486
597 487
597 488
597 489
597 511
597 550
597 551
597 554
597 555
597 558
597 562
597 570
597 575
597 577
597 579
597 581
597 699
597 702
597 716
597 719
597 727
597 729
597 732
597 737
597 741
597 746
597 749
597 851
597 856
597 868
597 880
597 949
597 951
597 1084
597 1093
597 1094
597 1095
597 1096
597 1120
597 1121
597 1122
597 1123
597 1124
597 1125
597 1126
597 1127
597 1128
597 1129
597 1130
597 1131
597 1132
597 1133
597 1134
597 1135
597 1136
597 1137
597 1138
597 1139
597 1140
597 1141
597 1142
597 1143
598 29
598 55
598 56
598 57
598 58
598 59
598 60
598 61
598 62
598 63
598 79
598 80
598 81
598 84
598 85
598 86
598 94
598 114
598 119
598 121
598 122
598 123
598 124
598 126
598 127
598 130
598 131
598 132
598 135
598 136
598 137
598 138
598 139
598 140
598 141
598 142
598 143
598 160
598 175
598 188
598 189
598 190
598 195
598 196
598 202
598 203
598 206
598 210
598 223
598 225
598 229
598 241
598 242
598 243
598 248
598 262
598 263
598 275
598 276
598 279
598 280
598 283
598 284
598 287
598 293
598 294
598 297
598 301
598 303
598 307
598 308
598 309
598 312
598 313
598 314
598 315
598 317
598 318
598 321
598 323
598 324
598 325
598 327
598 334
598 336
598 338
598 340
598 341
598 343
598 350
598 351
598 353
598 354
598 355
598 371
598 372
598 375
598 381
598 382
598 420
598 422
598 425
598 471
598 472
598 473
598 474
598 475
598 476
598 477
598 478
598 481
598 512
598 513
598 514
598 515
598 551
598 552
598 556
598 559
598 560
598 561
598 562
598 569
598 570
598 575
598 579
598 581
598 699
598 702
598 715
598 716
598 717
598 727
598 729
598 737
598 741
598 746
598 749
598 851
598 857
598 868
598 879
598 949
598 1084
598 1085
598 1086
598 1087
598 1092
598 1095
598 1138
598 1144
599 29
599 78
599 79
599 83
599 84
599 94
599 109
599 110
599 113
599 125
599 126
599 129
599 130
599 161
599 174
599 175
599 190
599 195
599 198
599 202
599 206
599 210
599 223
599 225
599 228
599 241
599 244
599 245
599 256
599 257
599 263
599 271
599 272
599 273
599 274
599 275
599 277
599 280
599 281
599 284
599 287
599 289
599 290
599 291
599 295
599 297
599 298
599 299
599 300
599 302
599 304
599 305
599 306
599 310
599 313
599 319
599 322
599 325
599 327
599 336
599 337
599 341
599 343
599 351
599 353
599 355
599 370
599 371
599 381
599 420
599 422
599 425
599 472
599 481
599 485
599 486
599 487
599 488
599 489
599 490
599 491
599 516
599 517
599 518
599 519
599 520
599 521
599 522
599 523
599 524
599 525
599 526
599 527
599 528
599 529
599 530
599 552
599 556
599 560
599 569
599 573
599 578
599 581
599 699
599 702
599 715
599 718
599 719
599 727
599 729
599 732
599 741
599 746
599 749
599 851
599 857
599 869
599 879
599 949
599 1092
599 1095
600 29
600 77
600 82
600 83
600 95
600 96
600 109
600 110
600 111
600 124
600 125
600 128
600 131
600 175
600 188
600 190
600 198
600 199
600 200
600 202
600 206
600 208
600 210
600 219
600 220
600 221
600 222
600 223
600 224
600 225
600 226
600 227
600 228
600 241
600 245
600 255
600 257
600 259
600 260
600 263
600 271
600 274
600 277
600 282
600 283
600 284
600 287
600 288
600 292
600 293
600 296
600 307
600 309
600 310
600 311
600 324
600 325
600 326
600 327
600 348
600 349
600 350
600 351
600 353
600 355
600 380
600 420
600 422
600 425
600 481
600 484
600 485
600 489
600 491
600 509
600 510
600 511
600 513
600 514
600 515
600 521
600 528
600 530
600 531
600 532
600 551
600 552
600 556
600 560
600 572
600 580
600 581
600 699
600 702
600 716
600 723
600 724
600 725
600 726
600 727
600 728
600 729
600 731
600 741
600 746
600 749
600 851
600 857
600 869
600 879
600 949
600 1092
600 1094
600 1095
601 29
601 74
601 75
601 80
601 81
601 82
601 95
601 96
601 111
601 112
601 122
601 123
601 127
601 129
601 131
601 188
601 189
601 190
601 200
601 202
601 205
601 206
601 207
601 211
601 219
601 241
601 242
601 245
601 246
601 247
601 255
601 257
601 259
601 262
601 263
601 271
601 274
601 293
601 294
601 295
601 296
601 300
601 301
601 302
601 303
601 304
601 308
601 313
601 314
601 328
601 353
601 354
601 380
601 381
601 420
601 422
601 425
601 482
601 483
601 484
601 491
601 512
601 515
601 526
601 528
601 531
601 551
601 558
601 560
601 572
601 573
601 579
601 580
601 582
601 699
601 702
601 716
601 717
601 718
601 719
601 720
601 721
601 729
601 731
601 741
601 746
601 749
601 851
601 857
601 869
601 879
601 1092
601 1095
602 29
602 72
602 73
602 74
602 75
602 78
602 79
602 95
602 113
602 114
602 115
602 116
602 117
602 118
602 120
602 121
602 125
602 126
602 129
602 130
602 131
602 189
602 191
602 202
602 203
602 206
602 209
602 210
602 211
602 222
602 223
602 242
602 243
602 247
602 248
602 249
602 256
602 257
602 259
602 260
602 261
602 262
602 270
602 271
602 274
602 278
602 279
602 280
602 281
602 282
602 283
602 284
602 286
602 289
602 290
602 291
602 297
602 299
602 304
602 309
602 312
602 316
602 328
602 329
602 330
602 354
602 381
602 382
602 420
602 422
602 425
602 481
602 491
602 510
602 516
602 526
602 529
602 530
602 531
602 552
602 554
602 555
602 556
602 558
602 561
602 573
602 580
602 583
602 584
602 699
602 702
602 729
602 731
602 741
602 746
602 749
602 851
602 857
602 870
602 879
602 1010
602 1012
602 1013
602 1014
602 1093
602 1095
603 29
603 56
603 57
603 70
603 71
603 76
603 77
603 78
603 95
603 119
603 120
603 123
603 124
603 173
603 174
603 175
603 187
603 188
603 189
603 191
603 202
603 205
603 206
603 209
603 211
603 212
603 219
603 220
603 221
603 223
603 244
603 245
603 270
603 273
603 287
603 288
603 289
603 292
603 296
603 297
603 298
603 299
603 301
603 302
603 303
603 304
603 309
603 310
603 312
603 313
603 316
603 382
603 420
603 422
603 424
603 427
603 444
603 445
603 446
603 447
603 469
603 481
603 491
603 493
603 509
603 510
603 511
603 512
603 516
603 518
603 519
603 526
603 528
603 552
603 557
603 558
603 560
603 572
603 584
603 585
603 699
603 702
603 729
603 731
603 741
603 746
603 749
603 850
603 857
603 870
603 879
603 1010
603 1011
603 1012
603 1018
603 1021
603 1089
603 1090
603 1091
603 1092
603 1095
604 28
604 29
604 56
604 59
604 68
604 69
604 73
604 74
604 75
604 95
604 118
604 119
604 122
604 123
604 129
604 130
604 131
604 165
604 166
604 167
604 168
604 169
604 170
604 171
604 172
604 173
604 175
604 188
604 189
604 192
604 193
604 202
604 204
604 205
604 208
604 212
604 213
604 221
604 223
604 227
604 228
604 232
604 244
604 246
604 247
604 248
604 249
604 250
604 269
604 270
604 272
604 273
604 275
604 276
604 277
604 278
604 280
604 281
604 282
604 283
604 284
604 286
604 292
604 311
604 313
604 316
604 353
604 354
604 355
604 382
604 420
604 422
604 427
604 443
604 447
604 448
604 449
604 469
604 471
604 481
604 492
604 508
604 509
604 513
604 514
604 515
604 516
604 517
604 518
604 520
604 553
604 556
604 557
604 558
604 559
604 563
604 564
604 572
604 585
604 586
604 699
604 702
604 729
604 731
604 741
604 746
604 749
604 850
604 857
604 858
604 870
604 949
604 1018
604 1021
604 1090
604 1095
605 55
605 58
605 65
605 66
605 67
605 69
605 71
605 72
605 95
605 96
605 115
605 116
605 117
605 121
605 129
605 131
605 132
605 175
605 189
605 190
605 193
605 197
605 201
605 204
605 207
605 208
605 221
605 223
605 226
605 229
605 230
605 231
605 233
605 234
605 235
605 236
605 238
605 239
605 240
605 244
605 246
605 251
605 270
605 272
605 278
605 279
605 281
605 285
605 291
605 309
605 310
605 313
605 314
605 315
605 317
605 352
605 353
605 357
605 358
605 359
605 382
605 420
605 422
605 428
605 429
605 437
605 439
605 442
605 443
605 445
605 446
605 449
605 467
605 468
605 469
605 472
605 481
605 491
605 492
605 506
605 507
605 508
605 511
605 524
605 525
605 552
605 553
605 554
605 556
605 564
605 572
605 573
605 586
605 699
605 702
605 731
605 741
605 746
605 749
605 850
605 854
605 858
605 870
605 949
605 1018
605 1019
605 1020
605 1021
605 1095
606 12
606 13
606 55
606 58
606 59
606 60
606 61
606 64
606 65
606 70
606 71
606 96
606 97
606 98
606 114
606 115
606 120
606 126
606 127
606 128
606 129
606 131
606 164
606 165
606 166
606 167
606 168
606 171
606 172
606 173
606 174
606 175
606 191
606 193
606 197
606 200
606 203
606 225
606 228
606 240
606 242
606 243
606 244
606 246
606 249
606 250
606 270
606 272
606 279
606 281
606 283
606 285
606 289
606 291
606 308
606 309
606 312
606 334
606 349
606 350
606 351
606 352
606 359
606 382
606 420
606 422
606 429
606 437
606 439
606 442
606 444
606 445
606 447
606 449
606 469
606 470
606 472
606 475
606 476
606 477
606 478
606 481
606 491
606 503
606 506
606 511
606 512
606 525
606 551
606 555
606 556
606 563
606 564
606 571
606 572
606 584
606 585
606 586
606 699
606 702
606 713
606 714
606 715
606 731
606 741
606 746
606 749
606 850
606 853
606 854
606 858
606 859
606 870
606 949
606 1018
606 1021
606 1094
606 1095
607 12
607 54
607 57
607 61
607 62
607 64
607 68
607 69
607 70
607 98
607 99
607 100
607 101
607 102
607 103
607 104
607 105
607 106
607 107
607 108
607 113
607 114
607 118
607 119
607 120
607 121
607 122
607 123
607 124
607 125
607 126
607 131
607 166
607 169
607 170
607 176
607 178
607 179
607 187
607 188
607 189
607 190
607 191
607 197
607 200
607 203
607 204
607 225
607 236
607 237
607 238
607 239
607 240
607 244
607 248
607 270
607 273
607 274
607 275
607 279
607 283
607 284
607 287
607 289
607 291
607 309
607 311
607 312
607 322
607 324
607 334
607 347
607 348
607 351
607 359
607 360
607 368
607 381
607 382
607 420
607 422
607 429
607 437
607 439
607 442
607 445
607 447
607 448
607 470
607 473
607 474
607 478
607 479
607 481
607 488
607 491
607 502
607 503
607 505
607 513
607 514
607 515
607 516
607 522
607 523
607 525
607 547
607 548
607 549
607 550
607 551
607 560
607 563
607 572
607 573
607 574
607 699
607 702
607 715
607 716
607 731
607 741
607 746
607 749
607 850
607 854
607 857
607 859
607 861
607 870
607 884
607 885
607 886
607 887
607 888
607 889
607 890
607 891
607 892
607 893
607 894
607 895
607 896
607 897
607 898
607 899
607 900
607 901
607 902
607 903
607 949
607 1018
607 1021
607 1055
607 1095
608 12
608 54
608 58
608 59
608 60
608 66
608 67
608 110
608 111
608 112
608 117
608 118
608 130
608 131
608 177
608 187
608 197
608 198
608 200
608 201
608 203
608 225
608 229
608 230
608 231
608 232
608 233
608 234
608 235
608 240
608 248
608 270
608 280
608 281
608 286
608 287
608 288
608 289
608 290
608 292
608 293
608 305
608 309
608 311
608 315
608 316
608 317
608 318
608 319
608 320
608 321
608 322
608 323
608 324
608 330
608 331
608 332
608 333
608 334
608 335
608 348
608 356
608 360
608 361
608 367
608 369
608 370
608 371
608 372
608 373
608 374
608 381
608 420
608 422
608 429
608 434
608 437
608 438
608 443
608 450
608 451
608 474
608 479
608 482
608 488
608 491
608 501
608 502
608 503
608 504
608 505
608 508
608 509
608 516
608 517
608 522
608 523
608 525
608 526
608 548
608 560
608 562
608 563
608 575
608 576
608 582
608 583
608 584
608 585
608 586
608 587
608 588
608 699
608 702
608 715
608 732
608 741
608 746
608 749
608 850
608 854
608 857
608 859
608 860
608 862
608 863
608 864
608 865
608 870
608 902
608 903
608 904
608 905
608 906
608 908
608 909
608 910
608 911
608 912
608 913
608 914
608 915
608 916
608 917
608 918
608 919
608 920
608 921
608 922
608 923
608 924
608 925
608 926
608 927
608 928
608 929
608 930
608 931
608 932
608 933
608 934
608 935
608 936
608 937
608 938
608 939
608 940
608 941
608 942
608 943
608 944
608 945
608 946
608 947
608 948
608 949
608 950
608 951
608 952
608 953
608 954
608 955
608 956
608 957
608 958
608 959
608 960
608 961
608 963
608 964
608 965
608 966
608 967
608 968
608 969
608 970
608 971
608 973
608 974
608 975
608 976
608 977
608 978
608 979
608 980
608 981
608 982
608 983
608 986
608 987
608 989
608 1017
608 1055
608 1088
608 1089
608 1090
608 1091
608 1094
608 1095
609 12
609 54
609 64
609 65
609 66
609 102
609 109
609 114
609 115
609 116
609 117
609 129
609 130
609 186
609 199
609 203
609 224
609 227
609 228
609 229
609 230
609 237
609 238
609 240
609 248
609 274
609 275
609 278
609 282
609 294
609 304
609 306
609 311
609 324
609 329
609 330
609 336
609 337
609 338
609 340
609 341
609 342
609 343
609 348
609 354
609 356
609 362
609 363
609 364
609 365
609 366
609 369
609 374
609 381
609 411
609 412
609 413
609 420
609 422
609 430
609 434
609 440
609 441
609 444
609 446
609 448
609 449
609 451
609 452
609 473
609 474
609 480
609 482
609 488
609 491
609 509
609 510
609 515
609 523
609 526
609 527
609 560
609 561
609 562
609 587
609 588
609 589
609 699
609 702
609 715
609 716
609 732
609 742
609 747
609 749
609 851
609 856
609 857
609 860
609 865
609 866
609 867
609 870
609 883
609 884
609 885
609 886
609 887
609 888
609 889
609 890
609 891
609 892
609 894
609 895
609 899
609 900
609 962
609 972
609 984
609 985
609 988
609 990
609 991
609 992
609 993
609 994
609 995
609 996
609 997
609 998
609 999
609 1000
609 1001
609 1002
609 1003
609 1004
609 1005
609 1006
609 1007
609 1008
609 1009
609 1010
609 1011
609 1012
609 1013
609 1014
609 1015
609 1016
609 1018
609 1019
609 1020
609 1021
609 1022
609 1023
609 1024
609 1025
609 1026
609 1027
609 1028
609 1029
609 1030
609 1031
609 1032
609 1033
609 1034
609 1035
609 1036
609 1037
609 1038
609 1039
609 1040
609 1041
609 1042
609 1043
609 1044
609 1045
609 1046
609 1047
609 1048
609 1049
609 1050
609 1051
609 1052
609 1053
609 1054
609 1055
609 1056
609 1057
609 1058
609 1059
609 1060
609 1061
609 1062
609 1063
609 1064
609 1065
609 1066
609 1067
609 1068
609 1069
609 1070
609 1071
609 1072
609 1073
609 1074
609 1075
609 1076
609 1077
609 1078
609 1079
609 1080
609 1081
609 1082
609 1083
609 1084
609 1085
609 1086
609 1087
609 1092
609 1093
610 12
610 53
610 54
610 62
610 63
610 64
610 77
610 78
610 79
610 80
610 81
610 102
610 107
610 108
610 112
610 113
610 114
610 147
610 186
610 200
610 201
610 203
610 224
610 235
610 236
610 237
610 240
610 249
610 256
610 268
610 269
610 271
610 272
610 273
610 274
610 279
610 280
610 281
610 304
610 306
610 308
610 309
610 310
610 311
610 314
610 316
610 317
610 318
610 325
610 327
610 328
610 339
610 340
610 343
610 344
610 348
610 350
610 351
610 352
610 354
610 355
610 361
610 366
610 368
610 369
610 371
610 374
610 375
610 376
610 377
610 381
610 382
610 411
610 414
610 420
610 422
610 429
610 431
610 433
610 434
610 435
610 436
610 440
610 442
610 444
610 446
610 449
610 452
610 453
610 457
610 469
610 470
610 473
610 480
610 482
610 488
610 491
610 492
610 493
610 496
610 510
610 514
610 523
610 526
610 589
610 699
610 702
610 731
610 742
610 747
610 749
610 851
610 856
610 860
610 867
610 868
610 871
610 893
610 896
610 897
610 898
610 901
610 902
610 903
610 904
610 905
610 906
610 907
610 908
610 909
610 910
610 911
610 912
610 913
610 914
610 915
610 916
610 917
610 918
610 920
610 921
610 922
610 923
610 924
610 925
610 926
610 927
610 928
610 929
610 930
610 931
610 932
610 933
610 934
610 935
610 936
610 937
610 938
610 939
610 940
610 941
610 942
610 943
610 944
610 945
610 946
610 1195
610 1196
610 1197
611 12
611 54
611 55
611 56
611 59
611 61
611 62
611 76
611 82
611 102
611 103
611 105
611 106
611 107
611 111
611 112
611 143
611 144
611 145
611 146
611 149
611 203
611 225
611 226
611 228
611 234
611 239
611 240
611 241
611 248
611 249
611 250
611 251
611 253
611 254
611 256
611 257
611 258
611 259
611 267
611 271
611 274
611 277
611 278
611 296
611 297
611 298
611 304
611 306
611 309
611 315
611 324
611 325
611 328
611 343
611 349
611 356
611 357
611 358
611 359
611 367
611 371
611 373
611 377
611 378
611 379
611 382
611 412
611 414
611 420
611 422
611 429
611 431
611 433
611 436
611 441
611 442
611 446
611 447
611 448
611 449
611 453
611 457
611 468
611 469
611 471
611 472
611 480
611 488
611 494
611 497
611 503
611 509
611 510
611 517
611 518
611 519
611 520
611 523
611 524
611 527
611 578
611 591
611 592
611 699
611 702
611 732
611 742
611 746
611 749
611 851
611 856
611 861
611 862
611 868
611 871
611 906
611 919
611 946
611 947
611 982
611 983
611 984
611 985
611 986
611 987
611 988
611 989
611 990
611 991
611 992
611 993
611 994
611 995
611 996
611 997
611 998
611 999
611 1000
611 1001
611 1002
611 1015
611 1016
611 1017
611 1018
611 1019
611 1020
611 1021
611 1022
611 1023
611 1024
611 1025
611 1026
611 1027
611 1028
611 1029
611 1030
611 1031
611 1032
611 1033
611 1034
611 1035
611 1036
611 1037
611 1038
611 1039
611 1040
611 1041
611 1042
611 1043
611 1044
611 1045
611 1046
611 1047
611 1048
611 1049
611 1050
611 1051
611 1052
611 1053
611 1054
611 1055
611 1056
611 1057
611 1058
611 1059
611 1060
611 1061
611 1062
611 1063
611 1064
611 1065
611 1066
611 1067
611 1068
611 1069
611 1070
611 1071
611 1072
611 1073
611 1074
611 1075
611 1076
611 1077
611 1078
611 1079
611 1080
611 1081
611 1082
611 1083
611 1084
611 1085
611 1135
611 1137
611 1194
611 1195
611 1197
612 12
612 53
612 54
612 58
612 59
612 60
612 61
612 82
612 83
612 104
612 105
612 109
612 110
612 111
612 142
612 143
612 148
612 149
612 204
612 226
612 228
612 229
612 235
612 236
612 241
612 251
612 253
612 254
612 256
612 267
612 268
612 269
612 271
612 272
612 273
612 274
612 277
612 278
612 296
612 298
612 299
612 300
612 301
612 302
612 303
612 307
612 309
612 312
612 313
612 314
612 320
612 326
612 327
612 343
612 348
612 360
612 361
612 363
612 367
612 372
612 379
612 382
612 412
612 413
612 414
612 415
612 420
612 422
612 429
612 433
612 436
612 438
612 439
612 445
612 446
612 449
612 450
612 451
612 452
612 454
612 455
612 457
612 469
612 471
612 480
612 488
612 491
612 495
612 497
612 498
612 499
612 500
612 501
612 502
612 503
612 504
612 505
612 506
612 508
612 510
612 514
612 515
612 520
612 524
612 527
612 545
612 546
612 547
612 578
612 590
612 592
612 699
612 702
612 732
612 742
612 747
612 749
612 851
612 855
612 856
612 862
612 868
612 869
612 893
612 895
612 906
612 947
612 988
612 991
612 1084
612 1135
612 1137
612 1198
613 12
613 13
613 14
613 15
613 50
613 51
613 52
613 53
613 57
613 83
613 84
613 85
613 86
613 87
613 89
613 90
613 91
613 103
613 108
613 109
613 136
613 137
613 138
613 139
613 140
613 141
613 147
613 175
613 176
613 177
613 178
613 179
613 180
613 181
613 182
613 183
613 184
613 224
613 225
613 228
613 236
613 237
613 238
613 239
613 241
613 248
613 249
613 251
613 255
613 256
613 283
613 284
613 285
613 286
613 295
613 296
613 302
613 312
613 315
613 316
613 321
613 324
613 327
613 342
613 343
613 348
613 359
613 363
613 364
613 367
613 374
613 382
613 410
613 411
613 412
613 415
613 416
613 417
613 418
613 420
613 422
613 426
613 427
613 429
613 430
613 435
613 440
613 441
613 442
613 445
613 451
613 457
613 471
613 480
613 485
613 487
613 488
613 490
613 492
613 493
613 494
613 495
613 497
613 499
613 507
613 511
613 513
613 514
613 517
613 518
613 520
613 525
613 526
613 527
613 547
613 578
613 586
613 587
613 588
613 589
613 590
613 592
613 699
613 702
613 731
613 742
613 746
613 749
613 851
613 855
613 862
613 869
613 870
613 893
613 895
613 907
613 990
613 1135
613 1137
613 1198
613 1199
614 48
614 49
614 88
614 91
614 92
614 93
614 101
614 102
614 106
614 107
614 108
614 136
614 140
614 147
614 184
614 185
614 199
614 200
614 201
614 202
614 203
614 204
614 205
614 223
614 224
614 227
614 231
614 240
614 250
614 253
614 259
614 260
614 261
614 262
614 263
614 264
614 265
614 266
614 267
614 274
614 275
614 276
614 286
614 294
614 295
614 299
614 300
614 312
614 313
614 317
614 319
614 321
614 322
614 324
614 325
614 326
614 327
614 331
614 332
614 333
614 335
614 336
614 337
614 338
614 339
614 340
614 341
614 348
614 355
614 356
614 358
614 361
614 364
614 366
614 374
614 378
614 380
614 381
614 382
614 406
614 410
614 422
614 425
614 426
614 428
614 430
614 442
614 445
614 446
614 447
614 448
614 449
614 451
614 457
614 458
614 468
614 469
614 485
614 486
614 487
614 490
614 491
614 497
614 501
614 502
614 503
614 507
614 508
614 511
614 514
614 516
614 519
614 545
614 546
614 547
614 578
614 586
614 592
614 593
614 699
614 702
614 731
614 742
614 746
614 749
614 870
614 893
614 894
614 988
614 990
614 1002
614 1133
614 1134
614 1135
614 1136
614 1137
614 1138
614 1199
615 46
615 47
615 48
615 90
615 93
615 94
615 99
615 100
615 106
615 109
615 132
615 133
615 134
615 135
615 140
615 149
615 155
615 156
615 157
615 158
615 159
615 160
615 161
615 162
615 163
615 173
615 174
615 175
615 176
615 177
615 178
615 179
615 180
615 181
615 182
615 183
615 184
615 185
615 223
615 229
615 230
615 232
615 233
615 234
615 247
615 250
615 252
615 253
615 273
615 283
615 284
615 285
615 286
615 294
615 299
615 301
615 314
615 317
615 319
615 321
615 333
615 334
615 344
615 347
615 348
615 352
615 353
615 354
615 356
615 357
615 360
615 362
615 364
615 366
615 374
615 376
615 379
615 380
615 382
615 401
615 406
615 408
615 409
615 422
615 425
615 428
615 430
615 442
615 451
615 452
615 458
615 459
615 460
615 461
615 462
615 467
615 468
615 470
615 471
615 484
615 485
615 487
615 496
615 497
615 499
615 500
615 508
615 513
615 514
615 516
615 519
615 520
615 523
615 524
615 525
615 526
615 532
615 546
615 586
615 587
615 593
615 594
615 700
615 702
615 732
615 742
615 746
615 749
615 855
615 856
615 898
615 917
615 941
615 943
615 988
615 990
615 1000
615 1002
615 1133
616 45
616 78
616 90
616 97
616 98
616 103
616 104
616 105
616 106
616 108
616 109
616 110
616 127
616 128
616 129
616 130
616 131
616 132
616 139
616 140
616 147
616 150
616 151
616 152
616 153
616 154
616 164
616 165
616 167
616 168
616 169
616 170
616 173
616 181
616 184
616 188
616 198
616 199
616 200
616 201
616 202
616 203
616 205
616 223
616 225
616 230
616 235
616 236
616 237
616 247
616 248
616 250
616 251
616 254
616 271
616 272
616 275
616 279
616 280
616 294
616 296
616 297
616 299
616 301
616 313
616 314
616 316
616 317
616 319
616 320
616 321
616 332
616 333
616 343
616 344
616 346
616 347
616 350
616 351
616 352
616 360
616 363
616 364
616 366
616 374
616 375
616 378
616 383
616 401
616 403
616 406
616 408
616 411
616 412
616 418
616 422
616 425
616 428
616 429
616 430
616 432
616 433
616 434
616 442
616 452
616 453
616 454
616 463
616 464
616 465
616 466
616 467
616 471
616 472
616 485
616 488
616 492
616 493
616 496
616 500
616 506
616 508
616 513
616 516
616 519
616 523
616 526
616 527
616 530
616 531
616 532
616 592
616 594
616 595
616 700
616 702
616 732
616 742
616 745
616 747
616 749
616 856
616 875
616 876
616 881
616 898
616 899
616 900
616 901
616 902
616 903
616 904
616 905
616 906
616 907
616 908
616 909
616 910
616 911
616 912
616 913
616 914
616 916
616 917
616 918
616 920
616 921
616 922
616 923
616 924
616 925
616 926
616 927
616 928
616 929
616 930
616 931
616 932
616 933
616 934
616 935
616 936
616 937
616 938
616 939
616 940
616 941
616 942
616 943
616 944
616 945
616 949
616 950
616 951
616 952
616 953
616 954
616 955
616 956
616 957
616 958
616 959
616 960
616 961
616 962
616 963
616 964
616 965
616 966
616 967
616 968
616 969
616 970
616 971
616 972
616 977
616 978
616 979
616 980
616 981
616 982
616 983
616 984
616 985
616 986
616 987
616 988
616 990
616 992
616 993
616 995
616 996
616 997
616 998
616 999
616 1000
616 1001
616 1002
616 1003
616 1004
616 1005
616 1006
616 1007
616 1008
616 1009
616 1010
616 1011
616 1012
616 1013
616 1014
616 1015
616 1016
617 43
617 44
617 78
617 80
617 81
617 82
617 90
617 106
617 108
617 110
617 111
617 139
617 140
617 141
617 147
617 148
617 154
617 156
617 161
617 162
617 166
617 170
617 173
617 181
617 184
617 188
617 189
617 190
617 192
617 193
617 194
617 196
617 197
617 204
617 205
617 207
617 223
617 225
617 226
617 230
617 231
617 232
617 233
617 234
617 246
617 247
617 252
617 254
617 270
617 273
617 274
617 280
617 294
617 295
617 296
617 301
617 313
617 324
617 343
617 346
617 358
617 363
617 366
617 367
617 368
617 369
617 376
617 378
617 380
617 381
617 382
617 383
617 401
617 402
617 405
617 410
617 412
617 415
617 416
617 418
617 422
617 423
617 425
617 431
617 454
617 472
617 480
617 484
617 486
617 488
617 493
617 495
617 498
617 500
617 506
617 509
617 513
617 515
617 519
617 522
617 525
617 527
617 529
617 591
617 592
617 595
617 700
617 702
617 732
617 742
617 745
617 746
617 749
617 857
617 876
617 881
617 913
617 915
617 916
617 919
617 939
617 946
617 947
617 949
617 973
617 974
617 975
617 976
617 990
617 991
617 994
617 1000
617 1017
617 1018
617 1019
617 1093
617 1094
617 1095
618 41
618 42
618 43
618 79
618 80
618 82
618 106
618 138
618 141
618 145
618 148
618 151
618 152
618 153
618 154
618 155
618 157
618 158
618 159
618 160
618 162
618 163
618 164
618 165
618 166
618 170
618 171
618 173
618 183
618 184
618 188
618 190
618 195
618 196
618 198
618 204
618 207
618 223
618 226
618 227
618 247
618 251
618 274
618 280
618 294
618 296
618 301
618 311
618 313
618 317
618 318
618 322
618 324
618 336
618 337
618 340
618 341
618 342
618 343
618 344
618 345
618 346
618 351
618 357
618 363
618 365
618 370
618 374
618 375
618 376
618 377
618 379
618 383
618 405
618 410
618 412
618 415
618 422
618 425
618 426
618 428
618 429
618 431
618 432
618 435
618 472
618 480
618 484
618 493
618 496
618 497
618 498
618 500
618 506
618 507
618 508
618 512
618 513
618 516
618 517
618 520
618 522
618 527
618 529
618 533
618 591
618 594
618 596
618 597
618 700
618 702
618 732
618 742
618 745
618 749
618 849
618 850
618 857
618 858
618 876
618 881
618 919
618 947
618 949
618 991
618 1019
618 1095
619 38
619 39
619 40
619 41
619 77
619 79
619 82
619 89
619 90
619 91
619 92
619 93
619 94
619 107
619 122
619 126
619 127
619 128
619 129
619 130
619 131
619 138
619 141
619 145
619 146
619 147
619 148
619 150
619 171
619 183
619 188
619 190
619 199
619 205
619 206
619 207
619 223
619 224
619 226
619 228
619 247
619 248
619 251
619 256
619 257
619 260
619 274
619 280
619 294
619 296
619 301
619 311
619 312
619 318
619 319
619 320
619 323
619 325
619 326
619 327
619 328
619 337
619 338
619 339
619 340
619 345
619 351
619 353
619 355
619 356
619 357
619 362
619 363
619 364
619 365
619 373
619 374
619 379
619 383
619 390
619 400
619 401
619 402
619 405
619 409
619 410
619 412
619 415
619 416
619 417
619 418
619 422
619 423
619 427
619 429
619 433
619 434
619 435
619 442
619 443
619 444
619 472
619 476
619 481
619 482
619 483
619 484
619 492
619 493
619 495
619 498
619 499
619 500
619 505
619 507
619 508
619 513
619 517
619 518
619 519
619 522
619 527
619 529
619 533
619 590
619 700
619 702
619 710
619 732
619 742
619 745
619 749
619 823
619 824
619 831
619 832
619 850
619 851
619 852
619 853
619 858
619 859
619 862
619 863
619 876
619 881
619 919
619 946
619 947
619 949
619 991
619 993
619 1019
619 1095
620 36
620 37
620 74
620 75
620 76
620 78
620 79
620 80
620 81
620 95
620 108
620 122
620 123
620 124
620 125
620 128
620 129
620 131
620 134
620 141
620 142
620 144
620 145
620 171
620 175
620 176
620 179
620 187
620 190
620 196
620 197
620 205
620 207
620 224
620 225
620 226
620 227
620 248
620 252
620 257
620 260
620 269
620 270
620 271
620 272
620 274
620 276
620 277
620 278
620 279
620 294
620 295
620 296
620 299
620 300
620 301
620 302
620 303
620 307
620 308
620 320
620 323
620 329
620 330
620 331
620 339
620 343
620 352
620 353
620 357
620 362
620 365
620 372
620 373
620 376
620 380
620 381
620 382
620 390
620 392
620 395
620 396
620 397
620 398
620 399
620 403
620 404
620 407
620 408
620 409
620 412
620 416
620 419
620 420
620 421
620 422
620 424
620 425
620 426
620 428
620 429
620 430
620 431
620 442
620 444
620 472
620 476
620 477
620 478
620 480
620 481
620 494
620 505
620 509
620 513
620 514
620 518
620 521
620 523
620 527
620 528
620 533
620 680
620 681
620 682
620 700
620 702
620 703
620 704
620 705
620 706
620 707
620 708
620 710
620 732
620 742
620 745
620 749
620 755
620 806
620 807
620 808
620 809
620 810
620 811
620 813
620 818
620 819
620 820
620 821
620 822
620 823
620 833
620 864
620 865
620 866
620 867
620 868
620 869
620 870
620 875
620 881
620 946
620 949
620 991
620 992
620 993
620 1018
620 1021
620 1022
620 1095
620 1108
620 1110
620 1114
620 1115
621 34
621 35
621 78
621 95
621 96
621 108
621 109
621 110
621 111
621 112
621 113
621 114
621 127
621 128
621 129
621 130
621 131
621 133
621 135
621 142
621 144
621 169
621 170
621 171
621 174
621 175
621 179
621 187
621 190
621 192
621 196
621 198
621 205
621 207
621 228
621 249
621 252
621 258
621 261
621 272
621 274
621 280
621 304
621 305
621 306
621 307
621 308
621 309
621 310
621 311
621 312
621 313
621 314
621 315
621 316
621 317
621 318
621 319
621 324
621 325
621 326
621 327
621 328
621 331
621 341
621 344
621 345
621 352
621 362
621 363
621 364
621 365
621 375
621 377
621 380
621 382
621 383
621 390
621 392
621 393
621 394
621 402
621 405
621 407
621 409
621 410
621 411
621 412
621 415
621 420
621 427
621 428
621 442
621 444
621 470
621 471
621 479
621 488
621 492
621 496
621 502
621 506
621 507
621 509
621 514
621 515
621 521
621 525
621 526
621 528
621 533
621 534
621 535
621 578
621 629
621 630
621 631
621 680
621 682
621 700
621 702
621 709
621 713
621 714
621 715
621 716
621 717
621 718
621 719
621 720
621 721
621 724
621 725
621 726
621 727
621 728
621 729
621 732
621 742
621 743
621 746
621 749
621 755
621 805
621 806
621 810
621 812
621 814
621 815
621 816
621 817
621 818
621 833
621 834
621 871
621 872
621 873
621 875
621 878
621 879
621 880
621 881
621 882
621 883
621 884
621 885
621 886
621 887
621 888
621 889
621 890
621 891
621 892
621 893
621 894
621 895
621 896
621 897
621 898
621 899
621 900
621 901
621 902
621 903
621 904
621 905
621 906
621 907
621 908
621 909
621 910
621 911
621 912
621 913
621 914
621 915
621 916
621 917
621 918
621 919
621 920
621 921
621 922
621 923
621 924
621 925
621 926
621 927
621 1021
621 1095
621 1108
621 1110
621 1113
621 1114
621 1116
621 1117
621 1118
621 1119
621 1120
621 1121
622 31
622 32
622 33
622 78
622 80
622 96
622 114
622 127
622 133
622 135
622 142
622 144
622 175
622 179
622 182
622 187
622 190
622 192
622 195
622 198
622 205
622 206
622 207
622 228
622 229
622 230
622 231
622 250
622 252
622 258
622 259
622 261
622 280
622 282
622 283
622 284
622 285
622 286
622 315
622 328
622 330
622 331
622 335
622 339
622 340
622 341
622 342
622 345
622 352
622 355
622 356
622 357
622 364
622 368
622 377
622 378
622 379
622 383
622 384
622 390
622 402
622 406
622 409
622 413
622 415
622 416
622 422
622 425
622 426
622 430
622 442
622 443
622 471
622 475
622 488
622 490
622 491
622 497
622 499
622 500
622 501
622 502
622 503
622 504
622 506
622 507
622 508
622 515
622 521
622 529
622 534
622 547
622 577
622 587
622 588
622 595
622 602
622 628
622 629
622 632
622 633
622 634
622 635
622 636
622 637
622 680
622 682
622 700
622 702
622 704
622 705
622 706
622 709
622 713
622 729
622 730
622 732
622 743
622 746
622 749
622 755
622 805
622 810
622 812
622 816
622 835
622 836
622 874
622 875
622 928
622 929
622 930
622 931
622 932
622 933
622 934
622 935
622 936
622 937
622 938
622 939
622 940
622 941
622 942
622 943
622 944
622 945
622 946
622 947
622 948
622 949
622 950
622 951
622 952
622 953
622 954
622 955
622 956
622 957
622 958
622 959
622 960
622 961
622 962
622 963
622 964
622 965
622 966
622 967
622 968
622 969
622 970
622 971
622 972
622 984
622 987
622 988
622 990
622 991
622 992
622 1018
622 1019
622 1021
622 1095
622 1107
622 1108
622 1110
622 1112
622 1122
622 1123
623 30
623 31
623 39
623 40
623 41
623 78
623 80
623 96
623 114
623 115
623 133
623 135
623 136
623 142
623 144
623 176
623 180
623 182
623 183
623 187
623 190
623 192
623 196
623 198
623 199
623 205
623 207
623 208
623 259
623 261
623 280
623 282
623 315
623 328
623 333
623 334
623 339
623 343
623 345
623 346
623 353
623 355
623 357
623 367
623 369
623 377
623 379
623 384
623 390
623 394
623 399
623 402
623 403
623 404
623 405
623 408
623 413
623 414
623 415
623 417
623 420
623 423
623 424
623 428
623 429
623 431
623 432
623 459
623 471
623 475
623 476
623 487
623 488
623 490
623 493
623 494
623 495
623 497
623 502
623 505
623 515
623 521
623 529
623 534
623 545
623 546
623 547
623 574
623 575
623 576
623 588
623 596
623 600
623 601
623 602
623 603
623 625
623 628
623 634
623 635
623 638
623 639
623 679
623 683
623 700
623 702
623 707
623 709
623 712
623 713
623 719
623 720
623 721
623 730
623 732
623 743
623 744
623 747
623 749
623 754
623 755
623 805
623 806
623 807
623 808
623 810
623 812
623 813
623 837
623 838
623 870
623 878
623 879
623 880
623 881
623 882
623 883
623 884
623 885
623 886
623 887
623 888
623 889
623 890
623 891
623 892
623 893
623 894
623 895
623 896
623 897
623 898
623 899
623 900
623 901
623 902
623 903
623 904
623 905
623 906
623 907
623 908
623 909
623 910
623 911
623 912
623 913
623 914
623 915
623 916
623 917
623 918
623 919
623 920
623 973
623 974
623 975
623 976
623 977
623 978
623 979
623 980
623 981
623 982
623 983
623 985
623 986
623 989
623 993
623 994
623 995
623 996
623 997
623 998
623 999
623 1000
623 1001
623 1002
623 1003
623 1004
623 1005
623 1006
623 1007
623 1008
623 1009
623 1010
623 1011
623 1012
623 1013
623 1014
623 1015
623 1016
623 1017
623 1022
623 1023
623 1024
623 1025
623 1026
623 1027
623 1028
623 1029
623 1030
623 1095
623 1108
623 1110
623 1112
624 28
624 29
624 30
624 37
624 38
624 39
624 41
624 42
624 78
624 88
624 96
624 99
624 114
624 133
624 136
624 137
624 141
624 142
624 144
624 180
624 183
624 187
624 190
624 192
624 196
624 204
624 208
624 209
624 242
624 243
624 260
624 261
624 280
624 282
624 314
624 315
624 317
624 318
624 328
624 330
624 332
624 341
624 342
624 343
624 346
624 347
624 352
624 353
624 354
624 356
624 357
624 367
624 368
624 369
624 379
624 380
624 384
624 390
624 394
624 395
624 397
624 399
624 403
624 405
624 415
624 417
624 418
624 419
624 425
624 427
624 432
624 450
624 457
624 459
624 471
624 472
624 475
624 487
624 490
624 495
624 497
624 505
624 506
624 515
624 516
624 521
624 523
624 524
624 529
624 530
624 531
624 532
624 534
624 544
624 545
624 547
624 548
624 586
624 587
624 588
624 589
624 595
624 599
624 600
624 602
624 625
624 628
624 632
624 634
624 639
624 678
624 683
624 687
624 693
624 700
624 702
624 706
624 710
624 718
624 719
624 727
624 730
624 732
624 733
624 744
624 747
624 749
624 755
624 813
624 837
624 867
624 868
624 870
624 880
624 882
624 922
624 923
624 924
624 925
624 926
624 927
624 928
624 929
624 930
624 931
624 932
624 933
624 934
624 935
624 936
624 937
624 938
624 939
624 940
624 941
624 942
624 943
624 944
624 945
624 946
624 949
624 951
624 953
624 954
624 1019
624 1020
624 1031
624 1032
624 1033
624 1034
624 1035
624 1036
624 1037
624 1038
624 1039
624 1040
624 1041
624 1042
624 1043
624 1044
624 1045
624 1046
624 1047
624 1048
624 1049
624 1050
624 1051
624 1052
624 1053
624 1054
624 1055
624 1056
624 1057
624 1058
624 1059
624 1060
624 1061
624 1062
624 1063
624 1064
624 1065
624 1066
624 1067
624 1068
624 1069
624 1070
624 1071
624 1072
624 1073
624 1074
624 1075
624 1076
624 1077
624 1078
624 1079
624 1080
624 1081
624 1082
624 1083
624 1084
624 1085
624 1086
624 1087
624 1088
624 1094
624 1095
624 1107
624 1108
624 1110
624 1113
624 1114
624 1119
624 1120
624 1121
624 1124
624 1125
625 26
625 27
625 28
625 31
625 32
625 33
625 34
625 42
625 43
625 85
625 86
625 89
625 90
625 91
625 92
625 95
625 99
625 114
625 115
625 132
625 133
625 137
625 138
625 139
625 140
625 141
625 144
625 180
625 182
625 185
625 186
625 188
625 189
625 190
625 192
625 197
625 198
625 204
625 210
625 241
625 258
625 259
625 280
625 282
625 314
625 317
625 328
625 329
625 330
625 332
625 333
625 339
625 340
625 343
625 345
625 347
625 348
625 371
625 376
625 377
625 379
625 385
625 390
625 391
625 392
625 393
625 394
625 397
625 398
625 399
625 402
625 405
625 415
625 425
625 427
625 431
625 433
625 434
625 436
625 450
625 458
625 459
625 468
625 469
625 470
625 471
625 475
625 487
625 490
625 491
625 495
625 497
625 506
625 507
625 515
625 517
625 524
625 530
625 534
625 544
625 570
625 588
625 595
625 596
625 597
625 598
625 599
625 602
625 603
625 624
625 626
625 628
625 632
625 633
625 634
625 639
625 678
625 679
625 683
625 686
625 687
625 691
625 692
625 693
625 699
625 702
625 704
625 705
625 717
625 718
625 726
625 727
625 728
625 729
625 730
625 732
625 746
625 747
625 749
625 751
625 752
625 753
625 754
625 755
625 837
625 841
625 842
625 843
625 844
625 845
625 868
625 869
625 870
625 880
625 882
625 941
625 946
625 947
625 948
625 949
625 950
625 952
625 955
625 956
625 957
625 958
625 959
625 960
625 961
625 962
625 963
625 964
625 965
625 966
625 967
625 968
625 969
625 970
625 971
625 972
625 973
625 974
625 975
625 976
625 977
625 978
625 979
625 980
625 981
625 982
625 983
625 984
625 985
625 986
625 987
625 988
625 989
625 990
625 991
625 992
625 993
625 994
625 995
625 996
625 997
625 998
625 999
625 1000
625 1001
625 1002
625 1003
625 1004
625 1005
625 1006
625 1007
625 1008
625 1009
625 1010
625 1011
625 1013
625 1014
625 1019
625 1089
625 1090
625 1091
625 1092
625 1093
625 1108
625 1110
625 1115
625 1116
625 1117
625 1119
625 1121
625 1122
625 1123
625 1124
625 1135
625 1136
625 1137
625 1138
626 23
626 24
626 25
626 30
626 34
626 35
626 36
626 38
626 39
626 42
626 77
626 78
626 86
626 87
626 93
626 94
626 96
626 97
626 98
626 99
626 100
626 115
626 116
626 117
626 118
626 130
626 131
626 132
626 135
626 136
626 140
626 143
626 151
626 181
626 182
626 186
626 189
626 192
626 198
626 199
626 201
626 202
626 203
626 204
626 208
626 210
626 215
626 216
626 217
626 218
626 234
626 235
626 236
626 237
626 238
626 239
626 240
626 258
626 280
626 282
626 310
626 316
626 317
626 327
626 333
626 343
626 344
626 348
626 349
626 357
626 358
626 360
626 371
626 373
626 376
626 379
626 380
626 381
626 385
626 386
626 387
626 388
626 391
626 394
626 396
626 398
626 400
626 401
626 404
626 405
626 414
626 418
626 419
626 420
626 424
626 427
626 430
626 436
626 437
626 438
626 451
626 475
626 488
626 491
626 494
626 497
626 515
626 517
626 523
626 524
626 528
626 529
626 534
626 535
626 544
626 546
626 547
626 570
626 598
626 601
626 602
626 623
626 624
626 626
626 628
626 629
626 630
626 655
626 679
626 680
626 683
626 685
626 687
626 691
626 698
626 699
626 702
626 706
626 707
626 708
626 709
626 710
626 711
626 712
626 713
626 714
626 715
626 716
626 717
626 723
626 724
626 725
626 732
626 746
626 747
626 749
626 751
626 754
626 837
626 838
626 846
626 847
626 880
626 941
626 946
626 949
626 1012
626 1015
626 1016
626 1017
626 1018
626 1019
626 1020
626 1021
626 1022
626 1024
626 1025
626 1026
626 1027
626 1028
626 1029
626 1030
626 1031
626 1032
626 1033
626 1034
626 1035
626 1036
626 1037
626 1038
626 1039
626 1040
626 1041
626 1042
626 1043
626 1044
626 1045
626 1046
626 1047
626 1048
626 1049
626 1050
626 1051
626 1052
626 1053
626 1054
626 1055
626 1056
626 1057
626 1058
626 1059
626 1060
626 1061
626 1062
626 1063
626 1064
626 1065
626 1066
626 1067
626 1068
626 1069
626 1070
626 1071
626 1072
626 1073
626 1074
626 1075
626 1076
626 1077
626 1078
626 1079
626 1080
626 1081
626 1082
626 1083
626 1118
626 1125
626 1136
626 1138
626 1139
627 21
627 22
627 26
627 27
627 28
627 29
627 36
627 37
627 56
627 57
627 58
627 59
627 60
627 61
627 62
627 78
627 86
627 88
627 90
627 91
627 118
627 119
627 128
627 129
627 130
627 134
627 135
627 137
627 140
627 141
627 144
627 152
627 153
627 180
627 181
627 185
627 188
627 192
627 193
627 194
627 195
627 196
627 197
627 199
627 204
627 205
627 207
627 209
627 210
627 219
627 220
627 235
627 238
627 240
627 258
627 280
627 282
627 283
627 310
627 314
627 317
627 332
627 341
627 355
627 360
627 366
627 369
627 370
627 371
627 373
627 375
627 378
627 379
627 383
627 385
627 389
627 393
627 394
627 396
627 398
627 399
627 404
627 415
627 420
627 421
627 422
627 423
627 424
627 427
627 435
627 436
627 438
627 451
627 475
627 476
627 479
627 488
627 491
627 494
627 495
627 497
627 515
627 522
627 531
627 534
627 543
627 547
627 563
627 564
627 565
627 566
627 570
627 600
627 601
627 624
627 627
627 628
627 630
627 639
627 655
627 658
627 659
627 660
627 661
627 680
627 683
627 691
627 697
627 698
627 702
627 704
627 705
627 706
627 715
627 732
627 733
627 735
627 736
627 737
627 738
627 739
627 740
627 741
627 746
627 749
627 880
627 881
627 944
627 946
627 949
627 1019
627 1021
627 1085
627 1086
627 1087
627 1088
627 1089
627 1090
627 1091
627 1092
627 1093
627 1094
627 1095
627 1121
627 1136
628 19
628 20
628 24
628 25
628 26
628 46
628 48
628 52
628 53
628 54
628 55
628 61
628 74
628 75
628 76
628 77
628 79
628 80
628 85
628 89
628 109
628 114
628 115
628 120
628 121
628 122
628 123
628 124
628 125
628 127
628 128
628 133
628 135
628 139
628 141
628 142
628 150
628 151
628 152
628 180
628 186
628 205
628 206
628 218
628 220
628 238
628 239
628 240
628 258
628 260
628 280
628 284
628 289
628 290
628 310
628 314
628 316
628 332
628 340
628 348
628 349
628 350
628 351
628 353
628 354
628 360
628 367
628 368
628 371
628 372
628 373
628 375
628 376
628 378
628 383
628 389
628 393
628 396
628 398
628 401
628 404
628 413
628 414
628 427
628 428
628 434
628 435
628 438
628 451
628 470
628 471
628 472
628 475
628 476
628 477
628 479
628 488
628 489
628 492
628 498
628 506
628 516
628 531
628 534
628 535
628 543
628 547
628 548
628 565
628 569
628 570
628 600
628 603
628 625
628 627
628 630
628 637
628 639
628 648
628 651
628 655
628 656
628 657
628 658
628 662
628 663
628 664
628 665
628 666
628 667
628 668
628 669
628 670
628 671
628 673
628 674
628 675
628 676
628 677
628 678
628 679
628 680
628 683
628 684
628 685
628 686
628 687
628 688
628 689
628 690
628 696
628 697
628 702
628 706
628 715
628 733
628 739
628 746
628 749
628 942
628 943
628 944
628 946
628 947
628 949
628 950
628 1018
628 1019
628 1021
628 1087
628 1095
628 1107
628 1116
628 1117
628 1118
628 1122
628 1136
629 17
629 18
629 23
629 24
629 45
629 48
629 50
629 51
629 56
629 57
629 58
629 59
629 61
629 72
629 73
629 80
629 84
629 89
629 109
629 115
629 126
629 127
629 130
629 131
629 132
629 133
629 135
629 139
629 141
629 144
629 149
629 152
629 178
629 180
629 206
629 220
629 241
629 260
629 261
629 262
629 288
629 291
629 310
629 314
629 316
629 332
629 338
629 339
629 346
629 349
629 351
629 353
629 360
629 367
629 371
629 377
629 378
629 379
629 384
629 389
629 392
629 395
629 396
629 398
629 402
629 404
629 416
629 426
629 428
629 433
629 434
629 438
629 463
629 469
629 472
629 475
629 479
629 489
629 499
629 503
629 506
629 517
629 531
629 536
629 537
629 538
629 543
629 548
629 549
629 569
629 600
629 603
629 605
629 626
629 628
629 630
629 637
629 639
629 640
629 644
629 645
629 646
629 647
629 648
629 651
629 671
629 680
629 685
629 696
629 702
629 706
629 707
629 708
629 709
629 715
629 746
629 942
629 947
629 949
629 951
629 1019
629 1021
629 1087
629 1095
629 1106
629 1116
629 1118
629 1121
629 1122
629 1136
629 1139
629 1140
630 15
630 16
630 17
630 20
630 21
630 22
630 23
630 41
630 45
630 48
630 59
630 61
630 64
630 66
630 67
630 72
630 80
630 84
630 89
630 94
630 109
630 115
630 127
630 128
630 136
630 139
630 141
630 143
630 145
630 148
630 149
630 178
630 180
630 206
630 240
630 262
630 289
630 291
630 292
630 308
630 310
630 314
630 316
630 332
630 335
630 336
630 337
630 338
630 344
630 345
630 349
630 351
630 354
630 360
630 365
630 371
630 375
630 376
630 379
630 380
630 384
630 389
630 392
630 394
630 397
630 401
630 408
630 409
630 410
630 411
630 412
630 413
630 414
630 417
630 428
630 439
630 463
630 464
630 469
630 470
630 471
630 472
630 475
630 476
630 479
630 499
630 500
630 503
630 506
630 508
630 509
630 523
630 529
630 531
630 538
630 543
630 544
630 549
630 569
630 572
630 600
630 602
630 603
630 604
630 605
630 617
630 625
630 628
630 630
630 637
630 641
630 643
630 644
630 649
630 651
630 671
630 685
630 692
630 693
630 694
630 696
630 702
630 709
630 712
630 713
630 714
630 731
630 732
630 733
630 736
630 947
630 1021
630 1094
630 1095
630 1106
630 1107
630 1108
630 1109
630 1110
630 1116
630 1118
630 1119
630 1121
630 1136
630 1138
630 1139
631 0
631 1
631 8
631 9
631 10
631 11
631 12
631 13
631 14
631 17
631 19
631 20
631 41
631 42
631 43
631 44
631 45
631 47
631 48
631 56
631 57
631 58
631 59
631 61
631 62
631 64
631 66
631 67
631 71
631 72
631 73
631 80
631 84
631 88
631 89
631 94
631 95
631 96
631 108
631 109
631 112
631 113
631 115
631 116
631 117
631 118
631 119
631 120
631 121
631 122
631 123
631 124
631 126
631 129
631 136
631 141
631 143
631 145
631 146
631 148
631 178
631 180
631 196
631 240
631 291
631 308
631 309
631 310
631 311
631 313
631 314
631 316
631 331
631 332
631 335
631 343
631 349
631 354
631 355
631 356
631 358
631 360
631 362
631 363
631 364
631 365
631 367
631 368
631 369
631 371
631 376
631 380
631 381
631 383
631 384
631 392
631 394
631 395
631 397
631 402
631 403
631 404
631 406
631 408
631 414
631 415
631 416
631 417
631 428
631 463
631 464
631 472
631 475
631 479
631 500
631 501
631 502
631 503
631 507
631 523
631 524
631 525
631 526
631 530
631 531
631 532
631 533
631 534
631 539
631 540
631 541
631 542
631 543
631 545
631 546
631 548
631 549
631 569
631 571
631 572
631 583
631 600
631 601
631 605
631 606
631 609
631 611
631 617
631 628
631 630
631 637
631 641
631 643
631 647
631 649
631 650
631 671
631 684
631 695
631 696
631 709
631 711
631 731
631 733
631 734
631 735
631 736
631 947
631 1107
631 1116
631 1119
631 1120
631 1121
631 1136
631 1137
632 7
632 8
632 16
632 17
632 18
632 19
632 45
632 47
632 50
632 52
632 62
632 63
632 64
632 68
632 69
632 70
632 71
632 76
632 77
632 81
632 82
632 83
632 88
632 96
632 108
632 115
632 125
632 126
632 129
632 136
632 141
632 143
632 145
632 148
632 149
632 178
632 180
632 196
632 240
632 254
632 255
632 263
632 280
632 281
632 289
632 290
632 291
632 308
632 310
632 313
632 316
632 329
632 330
632 331
632 333
632 334
632 343
632 359
632 360
632 362
632 364
632 367
632 369
632 371
632 374
632 375
632 377
632 381
632 386
632 392
632 396
632 400
632 401
632 402
632 404
632 405
632 406
632 408
632 411
632 412
632 414
632 417
632 427
632 428
632 429
632 463
632 469
632 472
632 473
632 475
632 479
632 506
632 509
632 524
632 526
632 527
632 528
632 534
632 540
632 548
632 569
632 570
632 571
632 584
632 585
632 586
632 587
632 588
632 606
632 607
632 608
632 610
632 611
632 612
632 617
632 619
632 628
632 630
632 636
632 641
632 644
632 645
632 646
632 647
632 648
632 649
632 671
632 684
632 709
632 731
632 733
632 947
632 1091
632 1098
632 1105
632 1107
632 1110
632 1117
632 1120
632 1136
633 12
633 28
633 29
633 30
633 36
633 45
633 46
633 47
633 50
633 52
633 58
633 60
633 65
633 73
633 75
633 80
633 96
633 97
633 108
633 110
633 115
633 123
633 124
633 125
633 129
633 132
633 135
633 137
633 138
633 141
633 142
633 143
633 144
633 150
633 151
633 177
633 196
633 216
633 234
633 235
633 240
633 262
633 264
633 281
633 307
633 311
633 312
633 313
633 316
633 334
633 343
633 353
633 354
633 356
633 357
633 359
633 362
633 364
633 365
633 367
633 369
633 374
633 378
633 381
633 384
633 386
633 394
633 396
633 397
633 400
633 408
633 410
633 411
633 414
633 417
633 425
633 426
633 427
633 429
633 442
633 443
633 444
633 445
633 451
633 463
633 469
633 475
633 479
633 506
633 509
633 528
633 529
633 530
633 532
633 533
633 535
633 536
633 537
633 543
633 544
633 547
633 569
633 571
633 588
633 602
633 604
633 612
633 613
633 618
633 620
633 621
633 622
633 623
633 624
633 627
633 628
633 631
633 636
633 641
633 645
633 647
633 649
633 671
633 684
633 731
633 732
633 1091
633 1092
633 1098
633 1105
633 1108
633 1109
633 1110
633 1117
633 1120
634 10
634 11
634 12
634 28
634 31
634 32
634 33
634 34
634 35
634 36
634 37
634 38
634 39
634 40
634 44
634 51
634 56
634 59
634 65
634 71
634 72
634 74
634 77
634 79
634 80
634 97
634 108
634 110
634 115
634 124
634 129
634 131
634 135
634 136
634 138
634 139
634 140
634 141
634 151
634 152
634 153
634 154
634 177
634 196
634 209
634 210
634 211
634 216
634 217
634 218
634 219
634 234
634 254
634 255
634 256
634 262
634 264
634 279
634 280
634 284
634 285
634 308
634 311
634 316
634 317
634 330
634 331
634 334
634 355
634 356
634 358
634 359
634 362
634 365
634 367
634 369
634 373
634 376
634 377
634 379
634 380
634 382
634 384
634 386
634 394
634 397
634 399
634 408
634 409
634 410
634 417
634 424
634 427
634 442
634 451
634 452
634 455
634 456
634 463
634 469
634 470
634 471
634 472
634 475
634 477
634 478
634 480
634 496
634 505
634 506
634 508
634 528
634 529
634 535
634 543
634 544
634 547
634 569
634 574
634 575
634 589
634 603
634 604
634 613
634 618
634 624
634 625
634 628
634 631
634 636
634 637
634 638
634 639
634 641
634 642
634 643
634 644
634 645
634 647
634 649
634 671
634 681
634 684
634 735
634 736
634 737
634 865
634 1090
634 1092
634 1093
634 1094
634 1095
634 1096
634 1097
634 1098
634 1099
634 1100
634 1101
634 1102
634 1103
634 1104
634 1120
634 1123
635 18
635 28
635 31
635 35
635 41
635 44
635 57
635 63
635 70
635 74
635 77
635 78
635 79
635 97
635 108
635 111
635 114
635 124
635 128
635 129
635 131
635 134
635 138
635 140
635 154
635 155
635 177
635 183
635 184
635 195
635 196
635 209
635 211
635 219
635 220
635 234
635 235
635 236
635 240
635 242
635 243
635 245
635 246
635 247
635 262
635 264
635 283
635 285
635 308
635 315
635 317
635 330
635 334
635 355
635 358
635 360
635 367
635 369
635 373
635 375
635 376
635 382
635 383
635 386
635 387
635 394
635 398
635 411
635 413
635 420
635 423
635 424
635 425
635 427
635 441
635 442
635 452
635 455
635 457
635 463
635 472
635 475
635 478
635 480
635 496
635 506
635 507
635 521
635 528
635 534
635 535
635 536
635 537
635 543
635 544
635 546
635 568
635 570
635 571
635 575
635 589
635 601
635 602
635 603
635 624
635 625
635 628
635 631
635 639
635 641
635 647
635 650
635 671
635 681
635 682
635 684
635 738
635 865
635 866
635 867
635 868
635 937
635 939
635 1093
635 1100
635 1102
635 1104
635 1117
635 1118
635 1120
635 1123
636 75
636 78
636 97
636 109
636 111
636 114
636 124
636 127
636 131
636 133
636 134
636 138
636 139
636 142
636 155
636 177
636 181
636 182
636 190
636 191
636 192
636 195
636 208
636 209
636 210
636 211
636 221
636 241
636 244
636 245
636 247
636 248
636 262
636 264
636 266
636 283
636 285
636 286
636 314
636 315
636 317
636 318
636 321
636 323
636 329
636 330
636 334
636 355
636 357
636 358
636 361
636 373
636 375
636 387
636 389
636 391
636 392
636 393
636 394
636 411
636 413
636 417
636 418
636 419
636 420
636 421
636 422
636 427
636 441
636 452
636 454
636 455
636 457
636 463
636 472
636 475
636 478
636 480
636 496
636 506
636 522
636 534
636 541
636 544
636 546
636 568
636 570
636 571
636 575
636 590
636 602
636 621
636 622
636 623
636 624
636 626
636 628
636 631
636 637
636 639
636 641
636 651
636 652
636 671
636 682
636 684
636 739
636 937
636 938
636 939
636 1100
636 1117
636 1120
636 1123
637 140
637 141
637 155
637 167
637 168
637 169
637 170
637 171
637 181
637 186
637 187
637 188
637 189
637 190
637 193
637 195
637 196
637 205
637 206
637 207
637 209
637 221
637 222
637 224
637 227
637 241
637 242
637 243
637 244
637 262
637 264
637 266
637 286
637 296
637 297
637 298
637 299
637 300
637 302
637 303
637 309
637 310
637 311
637 313
637 314
637 318
637 319
637 321
637 322
637 324
637 325
637 326
637 327
637 328
637 329
637 334
637 355
637 360
637 372
637 373
637 374
637 375
637 387
637 388
637 389
637 390
637 393
637 411
637 413
637 414
637 418
637 441
637 451
637 452
637 454
637 457
637 461
637 462
637 463
637 469
637 470
637 472
637 475
637 477
637 480
637 496
637 499
637 506
637 523
637 524
637 534
637 542
637 544
637 546
637 565
637 566
637 567
637 568
637 571
637 572
637 573
637 575
637 590
637 602
637 623
637 628
637 631
637 636
637 637
637 638
637 639
637 641
637 642
637 645
637 646
637 647
637 648
637 652
637 681
637 682
637 684
637 685
637 937
637 939
637 1100
637 1118
637 1123
638 190
638 191
638 192
638 196
638 209
638 223
638 224
638 225
638 226
638 227
638 243
638 262
638 264
638 266
638 276
638 277
638 283
638 284
638 287
638 288
638 289
638 290
638 291
638 292
638 293
638 294
638 295
638 301
638 304
638 305
638 306
638 307
638 308
638 312
638 320
638 323
638 325
638 327
638 394
638 411
638 412
638 414
638 436
638 452
638 453
638 454
638 457
638 458
638 459
638 460
638 463
638 464
638 465
638 466
638 467
638 468
638 469
638 473
638 475
638 478
638 480
638 496
638 497
638 498
638 499
638 525
638 526
638 527
638 528
638 529
638 530
638 531
638 534
638 547
638 550
638 551
638 555
638 556
638 565
638 574
638 575
638 589
638 591
638 623
638 624
638 625
638 627
638 631
638 632
638 636
638 642
638 643
638 644
638 645
638 647
638 651
638 652
638 680
638 682
638 685
638 937
638 939
638 1118
638 1119
638 1123
639 262
639 264
639 266
639 282
639 283
639 284
639 286
639 306
639 320
639 323
639 436
639 468
639 471
639 472
639 476
639 480
639 506
639 507
639 508
639 509
639 510
639 547
639 551
639 552
639 555
639 564
639 565
639 573
639 575
639 591
639 632
639 636
639 647
639 650
639 651
639 683
639 685
639 937
639 939
639 957
639 1099
639 1119
639 1120
639 1122
640 306
640 320
640 322
640 323
640 436
640 471
640 480
640 547
640 553
640 554
640 556
640 557
640 558
640 559
640 560
640 562
640 563
640 566
640 567
640 573
640 574
640 636
640 647
640 651
640 683
640 685
640 937
640 940
640 957
640 1099
640 1120
640 1122
641 436
641 547
641 559
641 636
641 647
641 651
641 683
641 787
641 801
641 880
641 937
641 957
641 1097
641 1100
641 1120
641 1122
641 1167
641 1186
641 1190
641 1192
641 1193
642 436
642 546
642 547
642 636
642 647
642 650
642 683
642 787
642 801
642 877
642 880
642 937
642 956
642 957
642 1059
642 1098
642 1100
642 1120
642 1122
642 1154
642 1155
642 1164
642 1167
642 1177
642 1186
642 1187
642 1190
642 1192
643 636
643 647
643 649
643 653
643 683
643 787
643 788
643 789
643 790
643 791
643 793
643 794
643 795
643 796
643 797
643 798
643 799
643 801
643 862
643 875
643 876
643 877
643 878
643 880
643 937
643 940
643 956
643 982
643 983
643 984
643 985
643 986
643 1054
643 1055
643 1059
643 1065
643 1098
643 1100
643 1120
643 1122
643 1135
643 1150
643 1154
643 1164
643 1165
643 1166
643 1167
643 1175
643 1176
643 1177
643 1178
643 1179
643 1186
643 1188
643 1189
643 1190
643 1191
643 1192
644 649
644 650
644 653
644 788
644 789
644 792
644 793
644 799
644 800
644 862
644 863
644 864
644 875
644 878
644 879
644 880
644 938
644 940
644 956
644 981
644 984
644 986
644 987
644 988
644 991
644 1008
644 1010
644 1011
644 1056
644 1059
644 1065
644 1068
644 1072
644 1073
644 1098
644 1100
644 1120
644 1122
644 1135
644 1136
644 1137
644 1140
644 1146
644 1150
644 1154
644 1155
644 1160
644 1163
644 1165
644 1175
645 650
645 651
645 652
645 653
645 805
645 863
645 865
645 866
645 874
645 879
645 928
645 938
645 940
645 987
645 989
645 991
645 1007
645 1009
645 1011
645 1012
645 1051
645 1052
645 1053
645 1054
645 1055
645 1056
645 1057
645 1058
645 1064
645 1066
645 1067
645 1069
645 1070
645 1071
645 1073
645 1098
645 1100
645 1101
645 1105
645 1106
645 1107
645 1108
645 1109
645 1110
645 1117
645 1118
645 1119
645 1120
645 1122
645 1137
645 1138
645 1140
645 1141
645 1142
645 1145
645 1147
645 1148
645 1150
645 1156
645 1157
645 1158
645 1159
645 1160
645 1175
645 1177
646 652
646 805
646 806
646 807
646 808
646 809
646 810
646 811
646 812
646 813
646 814
646 815
646 816
646 817
646 851
646 863
646 867
646 868
646 873
646 875
646 879
646 880
646 929
646 937
646 938
646 940
646 942
646 945
646 987
646 989
646 990
646 1007
646 1012
646 1013
646 1045
646 1046
646 1048
646 1049
646 1050
646 1064
646 1071
646 1093
646 1094
646 1095
646 1096
646 1097
646 1098
646 1101
646 1102
646 1105
646 1110
646 1111
646 1122
646 1138
646 1139
646 1142
646 1143
646 1144
646 1145
646 1149
646 1150
646 1172
646 1173
646 1174
646 1175
646 1176
646 1177
646 1178
646 1179
646 1180
647 817
647 851
647 868
647 875
647 880
647 921
647 929
647 938
647 940
647 942
647 943
647 944
647 945
647 987
647 989
647 1006
647 1013
647 1014
647 1016
647 1020
647 1046
647 1047
647 1048
647 1092
647 1093
647 1096
647 1105
647 1122
647 1143
647 1148
647 1150
647 1172
648 817
648 851
648 866
648 868
648 873
648 875
648 922
648 923
648 924
648 925
648 926
648 929
648 932
648 933
648 934
648 937
648 938
648 940
648 942
648 1004
648 1005
648 1006
648 1014
648 1015
648 1019
648 1020
648 1092
648 1122
648 1123
648 1124
648 1150
648 1164
649 851
649 866
649 867
649 868
649 873
649 874
649 875
649 926
649 927
649 928
649 929
649 930
649 931
649 934
649 935
649 936
649 937
649 939
649 940
649 941
649 942
649 1016
649 1017
649 1018
649 1019
649 1020
649 1021
649 1022
649 1023
649 1028
649 1029
649 1030
649 1032
649 1033
649 1162
649 1163
649 1164
649 1165
650 660
650 1024
650 1025
650 1026
650 1027
650 1031
650 1054
650 1055
650 1057
650 1154
650 1155
650 1156
650 1157
650 1158
650 1159
650 1160
650 1161
650 1162
651 20
651 1056
651 1057
652 1055
652 1057
653 1055
653 1057
680 1183
684 1176
685 1175
690 1103
703 1099
713 960
713 1165
721 961
721 998
724 1142
724 1156
730 889
730 972
731 948
732 994
734 1172
735 1036
738 1032
738 1060
738 1065
740 979
741 673
741 980
743 749
755 966
762 330
768 714
775 708
781 1072
782 1013
784 751
784 967
787 1015
788 341
