120 662
122 636
136 555
139 672
150 482
156 690
172 381
183 679
188 666
189 759
191 677
195 719
197 306
201 693
204 680
204 706
207 676
209 729
214 739
217 784
221 658
225 404
233 1128
235 649
236 1177
244 647
244 804
247 703
247 750
248 404
250 1095
254 638
255 1170
259 1182
262 1119
263 1097
263 1189
264 215
264 594
264 792
265 807
266 651
271 703
272 1004
274 1028
280 613
285 722
287 986
288 195
288 703
293 405
294 697
296 748
296 1012
298 1031
299 945
299 1110
300 715
300 1092
301 938
302 607
303 721
305 610
305 1123
307 721
307 816
309 754
309 792
309 993
309 1171
310 600
310 610
311 1121
312 702
312 790
313 1127
316 1034
316 1043
318 990
318 1084
319 1057
319 1129
321 46
325 476
325 946
325 1049
326 671
327 1084
329 184
329 1166
330 987
331 249
331 543
333 18
333 792
333 818
333 832
334 195
334 259
335 24
336 117
337 666
337 716
339 377
339 596
339 991
339 1029
341 831
342 522
342 610
342 1093
342 1099
342 1179
343 1099
344 739
344 1011
345 419
345 616
345 1073
346 27
346 320
347 912
347 1018
348 742
349 746
350 403
351 223
351 236
351 745
352 224
352 792
352 1016
352 1068
354 241
354 570
355 117
355 406
356 694
356 974
357 508
357 713
357 1013
358 557
359 935
360 1023
361 934
362 241
363 268
363 468
364 993
364 1022
365 52
365 1164
366 1192
368 970
368 998
369 152
369 792
370 555
370 1140
371 393
371 454
371 532
371 834
374 545
374 554
374 1041
375 559
375 771
377 1092
379 55
379 948
379 1011
379 1017
380 440
380 480
381 1046
382 913
384 224
384 246
385 301
385 454
385 566
385 1001
386 87
386 852
386 1132
387 449
388 534
388 1099
389 516
390 559
390 853
390 1114
391 454
391 757
391 1011
392 700
392 855
392 861
392 863
392 907
393 448
394 90
395 91
395 117
395 372
395 843
395 921
395 944
396 612
397 630
398 916
399 234
399 885
399 945
399 991
400 559
401 903
402 173
402 870
403 261
403 440
403 623
404 630
405 918
406 961
407 299
408 654
408 875
409 780
410 658
411 56
411 899
412 698
413 899
414 456
414 644
415 312
415 742
415 850
416 652
417 211
421 85
421 139
421 431
421 555
421 558
423 576
426 149
427 338
427 883
430 152
430 699
431 194
431 701
434 915
434 924
435 581
436 815
439 901
439 922
440 934
441 914
442 631
442 822
443 87
444 372
444 767
447 97
448 598
449 326
449 875
449 1107
450 329
450 877
451 213
452 835
452 866
453 809
455 644
456 86
457 682
457 692
457 908
459 864
460 291
460 715
460 886
460 888
461 726
462 609
462 612
462 613
463 570
463 629
464 102
464 258
464 340
464 679
464 752
464 852
465 490
465 756
468 756
469 723
470 415
470 868
471 660
473 225
474 554
475 474
475 475
475 588
475 857
475 899
476 769
477 346
477 484
477 623
478 103
480 627
481 269
481 280
481 584
482 698
483 167
484 415
485 205
485 1171
486 695
486 841
487 190
487 402
487 680
487 852
488 582
489 269
489 271
489 294
489 555
489 752
490 79
490 390
490 567
492 232
492 374
492 442
492 741
493 251
493 387
495 341
496 190
496 203
496 365
496 737
496 1083
497 155
497 799
497 859
498 142
498 1098
499 122
499 474
500 97
500 449
501 152
501 295
503 76
504 181
504 869
505 258
506 860
507 1199
509 371
509 553
510 317
510 746
511 20
511 21
512 84
513 149
514 544
514 714
516 864
517 13
517 208
519 196
521 382
521 859
522 89
523 309
525 81
525 149
526 311
526 1075
526 1076
526 1077
526 1111
526 1117
526 1118
526 1119
527 1
527 1073
527 1074
527 1077
527 1078
527 1111
527 1112
527 1113
527 1114
527 1115
527 1116
527 1119
528 958
528 959
528 960
528 962
528 966
528 974
528 975
528 1074
528 1076
528 1077
528 1078
528 1116
528 1117
528 1119
528 1120
528 1145
528 1146
528 1147
528 1148
529 715
529 848
529 923
529 924
529 925
529 926
529 927
529 966
529 967
529 968
529 969
529 1074
529 1076
529 1117
529 1118
529 1143
529 1144
529 1149
529 1150
530 561
530 842
530 848
530 855
530 856
530 857
530 858
530 859
530 860
530 861
530 862
530 869
530 925
530 956
530 957
530 959
530 960
530 969
530 1146
530 1147
530 1149
531 701
531 842
531 848
531 853
531 856
531 863
531 864
531 869
531 958
531 959
531 962
531 963
531 966
531 967
531 968
531 970
531 1117
531 1118
531 1119
531 1120
531 1143
531 1144
531 1145
531 1147
531 1148
531 1149
532 62
532 162
532 730
532 734
532 739
532 741
532 743
532 746
532 749
532 842
532 843
532 844
532 845
532 848
532 853
532 864
532 869
532 962
532 965
532 966
532 969
532 1105
532 1116
532 1117
532 1185
532 1186
533 691
533 698
533 701
533 706
533 715
533 717
533 728
533 730
533 734
533 739
533 741
533 743
533 746
533 749
533 843
533 848
533 853
533 865
533 869
533 962
533 963
533 964
533 965
533 971
533 1036
533 1037
533 1038
533 1039
533 1092
533 1093
533 1094
533 1095
533 1104
533 1105
533 1115
533 1182
533 1185
533 1186
534 692
534 698
534 701
534 706
534 716
534 728
534 730
534 734
534 739
534 741
534 743
534 746
534 749
534 848
534 853
534 865
534 869
534 970
534 971
534 1036
534 1039
534 1092
534 1095
534 1104
534 1108
534 1115
534 1116
534 1183
534 1185
534 1186
535 559
535 574
535 581
535 691
535 698
535 701
535 703
535 704
535 705
535 706
535 716
535 724
535 725
535 726
535 727
535 728
535 731
535 734
535 739
535 741
535 743
535 746
535 749
535 849
535 853
535 855
535 856
535 857
535 858
535 859
535 866
535 869
535 920
535 969
535 970
535 1035
535 1036
535 1037
535 1038
535 1039
535 1051
535 1052
535 1092
535 1095
535 1103
535 1104
535 1106
535 1107
535 1109
535 1116
535 1174
535 1177
535 1180
535 1181
535 1182
535 1183
535 1184
535 1187
536 375
536 523
536 526
536 527
536 552
536 559
536 560
536 564
536 574
536 581
536 691
536 698
536 701
536 716
536 720
536 721
536 722
536 723
536 728
536 729
536 731
536 734
536 739
536 741
536 743
536 746
536 749
536 849
536 853
536 855
536 859
536 860
536 866
536 868
536 920
536 924
536 965
536 966
536 967
536 968
536 1035
536 1040
536 1041
536 1042
536 1049
536 1050
536 1053
536 1080
536 1081
536 1082
536 1083
536 1084
536 1092
536 1093
536 1095
536 1105
536 1106
536 1116
536 1159
536 1175
536 1176
536 1178
536 1179
536 1188
537 492
537 523
537 524
537 525
537 526
537 552
537 561
537 562
537 563
537 564
537 565
537 566
537 567
537 568
537 569
537 570
537 571
537 572
537 573
537 574
537 578
537 581
537 691
537 698
537 701
537 703
537 704
537 716
537 717
537 720
537 722
537 728
537 731
537 734
537 739
537 741
537 743
537 746
537 749
537 849
537 853
537 856
537 857
537 869
537 921
537 922
537 924
537 964
537 970
537 971
537 972
537 1034
537 1038
537 1039
537 1041
537 1042
537 1053
537 1079
537 1080
537 1084
537 1093
537 1094
537 1095
537 1102
537 1103
537 1110
537 1112
537 1117
537 1158
537 1159
537 1182
537 1183
537 1184
538 312
538 492
538 540
538 541
538 542
538 543
538 544
538 552
538 553
538 555
538 557
538 559
538 562
538 578
538 581
538 691
538 698
538 701
538 705
538 706
538 717
538 720
538 722
538 728
538 731
538 734
538 739
538 741
538 743
538 746
538 749
538 849
538 853
538 859
538 868
538 904
538 905
538 906
538 922
538 924
538 963
538 969
538 970
538 973
538 975
538 976
538 1039
538 1042
538 1049
538 1050
538 1051
538 1053
538 1054
538 1079
538 1082
538 1083
538 1084
538 1102
538 1104
538 1110
538 1111
538 1112
538 1113
538 1114
538 1115
538 1117
538 1118
538 1119
538 1159
538 1180
538 1181
539 335
539 336
539 337
539 356
539 359
539 361
539 364
539 368
539 371
539 372
539 379
539 491
539 545
539 546
539 551
539 554
539 555
539 556
539 557
539 559
539 562
539 563
539 564
539 565
539 566
539 567
539 578
539 581
539 692
539 698
539 701
539 706
539 717
539 720
539 728
539 731
539 734
539 739
539 741
539 743
539 746
539 749
539 848
539 853
539 860
539 869
539 904
539 906
539 907
539 922
539 924
539 963
539 970
539 971
539 974
539 1031
539 1033
539 1034
539 1035
539 1042
539 1051
539 1054
539 1055
539 1079
539 1081
539 1102
539 1104
539 1109
539 1110
539 1112
539 1117
539 1159
539 1179
540 202
540 301
540 310
540 312
540 319
540 334
540 337
540 348
540 356
540 358
540 359
540 360
540 361
540 362
540 363
540 364
540 368
540 372
540 373
540 374
540 375
540 376
540 379
540 488
540 489
540 490
540 491
540 526
540 528
540 543
540 544
540 545
540 548
540 551
540 559
540 578
540 581
540 692
540 698
540 701
540 706
540 716
540 717
540 720
540 728
540 731
540 734
540 739
540 741
540 743
540 746
540 749
540 848
540 853
540 860
540 861
540 868
540 904
540 906
540 922
540 923
540 1032
540 1033
540 1036
540 1041
540 1051
540 1055
540 1080
540 1081
540 1102
540 1103
540 1104
540 1106
540 1107
540 1108
540 1109
540 1112
540 1117
540 1118
540 1119
540 1159
540 1177
540 1178
540 1182
540 1183
540 1184
540 1185
541 172
541 212
541 219
541 301
541 310
541 312
541 319
541 335
541 337
541 356
541 357
541 361
541 367
541 368
541 379
541 499
541 501
541 502
541 525
541 526
541 527
541 528
541 529
541 530
541 531
541 532
541 533
541 534
541 535
541 536
541 537
541 538
541 539
541 540
541 541
541 542
541 547
541 548
541 550
541 559
541 560
541 561
541 562
541 578
541 581
541 692
541 698
541 701
541 706
541 726
541 728
541 731
541 734
541 738
541 743
541 746
541 749
541 848
541 849
541 853
541 861
541 862
541 868
541 904
541 905
541 906
541 1032
541 1052
541 1053
541 1054
541 1055
541 1073
541 1074
541 1080
541 1106
541 1111
541 1112
541 1116
541 1117
541 1119
541 1158
541 1159
541 1177
541 1178
541 1179
541 1180
541 1181
541 1186
541 1187
542 153
542 154
542 162
542 171
542 172
542 182
542 184
542 186
542 187
542 190
542 191
542 194
542 197
542 199
542 207
542 208
542 211
542 219
542 301
542 309
542 312
542 318
542 335
542 336
542 337
542 347
542 349
542 350
542 351
542 355
542 363
542 364
542 365
542 366
542 367
542 379
542 380
542 381
542 500
542 524
542 545
542 546
542 547
542 551
542 578
542 581
542 692
542 698
542 701
542 706
542 713
542 714
542 715
542 716
542 717
542 722
542 723
542 724
542 725
542 726
542 727
542 728
542 731
542 735
542 738
542 742
542 746
542 749
542 768
542 769
542 849
542 853
542 856
542 862
542 867
542 868
542 1031
542 1032
542 1041
542 1074
542 1077
542 1078
542 1079
542 1115
542 1117
542 1159
542 1160
542 1187
543 19
543 109
543 148
543 150
543 154
543 158
543 159
543 160
543 162
543 169
543 170
543 174
543 175
543 176
543 177
543 178
543 179
543 180
543 181
543 182
543 184
543 186
543 189
543 190
543 193
543 194
543 195
543 196
543 197
543 208
543 211
543 219
543 301
543 306
543 309
543 312
543 318
543 348
543 351
543 357
543 362
543 381
543 382
543 498
543 499
543 502
543 523
543 524
543 527
543 542
543 544
543 545
543 550
543 553
543 554
543 555
543 556
543 578
543 581
543 692
543 698
543 701
543 706
543 713
543 716
543 724
543 726
543 731
543 734
543 735
543 739
543 742
543 746
543 749
543 757
543 758
543 759
543 760
543 761
543 762
543 763
543 764
543 765
543 766
543 767
543 768
543 769
543 849
543 857
543 859
543 860
543 862
543 863
543 867
543 974
543 1032
543 1033
543 1034
543 1035
543 1036
543 1037
543 1041
543 1070
543 1074
543 1075
543 1081
543 1082
543 1083
543 1084
543 1105
543 1106
543 1108
543 1109
543 1111
543 1114
543 1117
543 1118
543 1119
543 1161
543 1162
543 1163
543 1164
543 1165
543 1166
543 1167
543 1168
543 1169
543 1170
543 1171
543 1172
543 1173
543 1174
543 1175
543 1176
543 1182
543 1183
543 1184
543 1185
543 1186
543 1187
544 52
544 66
544 92
544 110
544 111
544 114
544 115
544 116
544 117
544 118
544 148
544 149
544 150
544 153
544 154
544 158
544 161
544 169
544 173
544 174
544 184
544 186
544 188
544 189
544 192
544 208
544 211
544 219
544 302
544 306
544 308
544 309
544 312
544 318
544 349
544 352
544 355
544 356
544 357
544 382
544 495
544 496
544 497
544 499
544 500
544 501
544 524
544 525
544 526
544 543
544 544
544 552
544 576
544 578
544 581
544 692
544 698
544 701
544 706
544 713
544 716
544 724
544 728
544 731
544 735
544 739
544 742
544 746
544 749
544 849
544 858
544 861
544 862
544 867
544 943
544 963
544 969
544 972
544 973
544 1033
544 1037
544 1038
544 1041
544 1047
544 1048
544 1049
544 1050
544 1051
544 1052
544 1053
544 1054
544 1070
544 1071
544 1074
544 1079
544 1080
544 1104
544 1105
544 1107
544 1111
544 1116
544 1117
544 1121
544 1123
544 1176
544 1177
544 1178
544 1179
544 1180
544 1181
544 1183
544 1191
545 18
545 19
545 21
545 52
545 66
545 92
545 109
545 111
545 112
545 119
545 154
545 168
545 172
545 173
545 184
545 187
545 188
545 191
545 208
545 211
545 219
545 301
545 307
545 308
545 312
545 318
545 349
545 352
545 356
545 358
545 382
545 487
545 488
545 489
545 490
545 543
545 550
545 551
545 576
545 578
545 581
545 692
545 698
545 701
545 706
545 713
545 716
545 725
545 728
545 731
545 735
545 739
545 743
545 746
545 749
545 849
545 867
545 943
545 970
545 972
545 985
545 986
545 987
545 1026
545 1027
545 1028
545 1030
545 1031
545 1032
545 1033
545 1034
545 1036
545 1038
545 1039
545 1041
545 1054
545 1071
545 1072
545 1073
545 1079
545 1081
545 1104
545 1108
545 1109
545 1110
545 1117
545 1120
545 1121
545 1123
545 1169
545 1181
545 1183
545 1184
545 1185
545 1186
545 1187
545 1188
545 1189
545 1190
545 1192
546 18
546 21
546 52
546 66
546 91
546 109
546 112
546 118
546 153
546 154
546 170
546 171
546 172
546 184
546 187
546 188
546 190
546 208
546 211
546 219
546 301
546 307
546 312
546 319
546 349
546 350
546 352
546 358
546 382
546 487
546 550
546 576
546 578
546 581
546 692
546 698
546 701
546 705
546 706
546 713
546 715
546 716
546 728
546 731
546 735
546 739
546 743
546 746
546 749
546 849
546 867
546 944
546 945
546 946
546 947
546 948
546 949
546 950
546 968
546 970
546 972
546 979
546 980
546 988
546 989
546 1026
546 1027
546 1029
546 1030
546 1034
546 1036
546 1038
546 1039
546 1041
546 1047
546 1048
546 1049
546 1050
546 1051
546 1052
546 1053
546 1054
546 1072
546 1079
546 1081
546 1104
546 1108
546 1117
546 1118
546 1119
546 1120
546 1122
546 1123
546 1124
546 1125
546 1126
546 1127
546 1128
546 1160
546 1161
546 1162
546 1163
546 1164
546 1165
546 1166
546 1167
546 1168
546 1169
546 1170
546 1171
546 1172
546 1173
546 1174
546 1181
547 19
547 21
547 52
547 66
547 91
547 92
547 93
547 94
547 95
547 108
547 109
547 112
547 118
547 153
547 168
547 169
547 170
547 185
547 189
547 190
547 207
547 212
547 219
547 302
547 307
547 312
547 319
547 337
547 338
547 339
547 340
547 350
547 353
547 354
547 369
547 374
547 379
547 381
547 382
547 487
547 551
547 576
547 578
547 581
547 692
547 698
547 701
547 707
547 713
547 716
547 728
547 731
547 735
547 739
547 743
547 746
547 749
547 849
547 867
547 943
547 948
547 951
547 952
547 968
547 970
547 972
547 979
547 984
547 986
547 990
547 1030
547 1031
547 1032
547 1033
547 1037
547 1040
547 1045
547 1046
547 1047
547 1049
547 1070
547 1071
547 1072
547 1081
547 1104
547 1106
547 1107
547 1108
547 1121
547 1123
547 1175
547 1176
547 1177
547 1178
547 1179
547 1180
547 1181
548 18
548 21
548 29
548 52
548 66
548 95
548 112
548 118
548 149
548 150
548 151
548 152
548 162
548 163
548 164
548 165
548 167
548 168
548 182
548 183
548 184
548 185
548 187
548 188
548 189
548 200
548 201
548 202
548 203
548 204
548 205
548 206
548 211
548 219
548 271
548 272
548 273
548 274
548 275
548 276
548 277
548 302
548 308
548 309
548 310
548 312
548 319
548 337
548 340
548 350
548 351
548 352
548 364
548 366
548 368
548 375
548 376
548 380
548 381
548 425
548 480
548 487
548 488
548 551
548 576
548 578
548 581
548 692
548 698
548 701
548 706
548 707
548 713
548 715
548 716
548 731
548 735
548 739
548 746
548 749
548 849
548 867
548 868
548 875
548 876
548 943
548 945
548 946
548 948
548 952
548 953
548 955
548 968
548 977
548 979
548 981
548 982
548 983
548 984
548 985
548 987
548 988
548 989
548 990
548 1028
548 1038
548 1039
548 1045
548 1062
548 1079
548 1080
548 1081
548 1104
548 1108
548 1121
548 1122
548 1123
548 1124
548 1125
548 1126
548 1159
548 1160
548 1161
548 1162
548 1163
548 1164
548 1165
548 1166
548 1167
548 1168
548 1169
548 1170
548 1171
548 1172
548 1181
549 19
549 21
549 29
549 43
549 46
549 48
549 51
549 52
549 54
549 66
549 111
549 112
549 118
549 149
549 153
549 162
549 165
549 166
549 167
549 181
549 184
549 187
549 211
549 219
549 271
549 278
549 279
549 302
549 308
549 310
549 312
549 320
549 337
549 340
549 353
549 364
549 365
549 368
549 370
549 371
549 372
549 373
549 374
549 375
549 381
549 425
549 480
549 487
549 551
549 576
549 578
549 581
549 692
549 698
549 701
549 707
549 716
549 725
549 731
549 735
549 739
549 742
549 746
549 749
549 849
549 868
549 869
549 870
549 871
549 872
549 873
549 874
549 877
549 878
549 879
549 880
549 935
549 936
549 944
549 948
549 953
549 954
549 970
549 971
549 972
549 977
549 978
549 980
549 1015
549 1016
549 1017
549 1026
549 1027
549 1029
549 1039
549 1044
549 1045
549 1058
549 1059
549 1060
549 1061
549 1062
549 1074
549 1076
549 1080
549 1086
549 1087
549 1104
549 1106
549 1107
549 1108
549 1123
549 1134
549 1135
549 1136
549 1137
549 1138
549 1139
549 1140
549 1151
549 1152
549 1153
549 1154
549 1155
549 1156
549 1157
549 1158
549 1159
549 1181
550 16
550 17
550 18
550 19
550 21
550 22
550 23
550 24
550 25
550 26
550 27
550 28
550 29
550 44
550 45
550 47
550 49
550 50
550 55
550 56
550 57
550 58
550 59
550 60
550 61
550 62
550 63
550 64
550 65
550 66
550 111
550 117
550 149
550 159
550 160
550 161
550 164
550 165
550 176
550 177
550 178
550 179
550 182
550 183
550 186
550 211
550 219
550 271
550 279
550 302
550 310
550 312
550 317
550 320
550 337
550 340
550 352
550 354
550 366
550 368
550 369
550 370
550 375
550 380
550 381
550 382
550 424
550 425
550 478
550 479
550 480
550 487
550 552
550 576
550 578
550 581
550 692
550 698
550 701
550 707
550 717
550 718
550 720
550 726
550 731
550 735
550 739
550 742
550 746
550 749
550 849
550 867
550 872
550 881
550 882
550 936
550 938
550 939
550 946
550 947
550 950
550 951
550 956
550 966
550 967
550 968
550 969
550 972
550 977
550 1015
550 1017
550 1018
550 1024
550 1026
550 1029
550 1030
550 1031
550 1038
550 1039
550 1040
550 1041
550 1044
550 1064
550 1065
550 1066
550 1067
550 1069
550 1074
550 1076
550 1080
550 1081
550 1082
550 1085
550 1086
550 1104
550 1108
550 1109
550 1110
550 1111
550 1122
550 1123
550 1128
550 1129
550 1130
550 1131
550 1132
550 1134
550 1159
550 1181
551 57
551 60
551 67
551 96
551 111
551 112
551 114
551 115
551 116
551 149
551 150
551 152
551 154
551 155
551 156
551 157
551 158
551 163
551 164
551 175
551 176
551 179
551 181
551 182
551 185
551 186
551 206
551 207
551 208
551 211
551 219
551 270
551 279
551 302
551 310
551 312
551 316
551 320
551 337
551 343
551 344
551 345
551 346
551 352
551 366
551 368
551 382
551 424
551 426
551 478
551 480
551 481
551 485
551 486
551 487
551 551
551 576
551 578
551 581
551 692
551 698
551 701
551 707
551 711
551 712
551 713
551 714
551 717
551 718
551 719
551 720
551 721
551 722
551 723
551 725
551 731
551 735
551 739
551 742
551 746
551 749
551 849
551 868
551 869
551 870
551 871
551 872
551 881
551 882
551 883
551 884
551 885
551 935
551 937
551 940
551 945
551 949
551 950
551 952
551 955
551 959
551 966
551 970
551 972
551 977
551 1015
551 1019
551 1023
551 1026
551 1027
551 1029
551 1044
551 1064
551 1067
551 1068
551 1074
551 1076
551 1080
551 1082
551 1085
551 1089
551 1104
551 1105
551 1108
551 1111
551 1132
551 1134
551 1135
551 1159
551 1180
551 1181
552 60
552 96
552 111
552 138
552 141
552 151
552 153
552 154
552 157
552 161
552 162
552 175
552 178
552 180
552 181
552 184
552 205
552 208
552 211
552 219
552 271
552 279
552 302
552 310
552 312
552 317
552 320
552 337
552 343
552 352
552 366
552 368
552 383
552 424
552 427
552 478
552 480
552 482
552 483
552 484
552 485
552 551
552 553
552 578
552 581
552 692
552 698
552 701
552 707
552 711
552 715
552 716
552 717
552 723
552 725
552 729
552 731
552 736
552 739
552 742
552 746
552 749
552 849
552 868
552 872
552 879
552 882
552 885
552 935
552 937
552 940
552 945
552 947
552 948
552 953
552 960
552 961
552 962
552 963
552 966
552 967
552 970
552 971
552 972
552 973
552 974
552 975
552 977
552 1015
552 1016
552 1017
552 1022
552 1026
552 1028
552 1039
552 1041
552 1044
552 1064
552 1074
552 1076
552 1085
552 1086
552 1089
552 1090
552 1091
552 1092
552 1093
552 1104
552 1107
552 1108
552 1111
552 1112
552 1132
553 12
553 59
553 96
553 110
553 139
553 140
553 150
553 156
553 159
553 160
553 174
553 175
553 177
553 180
553 183
553 184
553 205
553 206
553 208
553 211
553 219
553 270
553 279
553 302
553 306
553 310
553 312
553 317
553 321
553 325
553 337
553 342
553 352
553 366
553 368
553 375
553 376
553 377
553 378
553 383
553 424
553 432
553 535
553 536
553 537
553 538
553 551
553 552
553 553
553 578
553 581
553 692
553 698
553 701
553 707
553 711
553 712
553 720
553 724
553 729
553 731
553 736
553 739
553 742
553 746
553 749
553 849
553 850
553 868
553 872
553 879
553 881
553 882
553 883
553 885
553 935
553 936
553 938
553 940
553 943
553 944
553 945
553 946
553 947
553 949
553 953
553 961
553 963
553 964
553 969
553 972
553 976
553 977
553 978
553 1013
553 1014
553 1021
553 1025
553 1028
553 1031
553 1032
553 1033
553 1034
553 1035
553 1036
553 1037
553 1038
553 1039
553 1040
553 1064
553 1065
553 1066
553 1067
553 1068
553 1069
553 1070
553 1071
553 1072
553 1073
553 1075
553 1076
553 1077
553 1078
553 1079
553 1080
553 1081
553 1082
553 1083
553 1084
553 1087
553 1088
553 1089
553 1104
553 1105
553 1119
553 1120
553 1121
553 1122
553 1123
553 1124
553 1125
553 1126
553 1127
553 1128
553 1129
553 1130
553 1131
553 1132
553 1133
553 1134
554 12
554 56
554 59
554 96
554 110
554 154
554 155
554 156
554 157
554 159
554 169
554 174
554 179
554 182
554 204
554 205
554 208
554 211
554 219
554 270
554 278
554 279
554 302
554 306
554 308
554 309
554 312
554 318
554 321
554 322
554 325
554 326
554 327
554 342
554 352
554 366
554 367
554 368
554 378
554 383
554 424
554 432
554 534
554 538
554 550
554 553
554 578
554 581
554 692
554 698
554 701
554 707
554 713
554 714
554 715
554 718
554 719
554 721
554 722
554 723
554 724
554 725
554 726
554 731
554 736
554 739
554 742
554 746
554 749
554 850
554 868
554 871
554 873
554 879
554 881
554 884
554 885
554 930
554 931
554 932
554 933
554 936
554 940
554 941
554 942
554 943
554 949
554 954
554 958
554 960
554 968
554 990
554 998
554 999
554 1020
554 1021
554 1025
554 1027
554 1030
554 1041
554 1042
554 1075
554 1094
554 1104
554 1110
554 1112
554 1114
555 12
555 56
555 59
555 96
555 110
555 113
555 153
555 154
555 158
555 165
555 166
555 167
555 169
555 178
555 181
555 204
555 208
555 211
555 219
555 270
555 278
555 302
555 306
555 312
555 318
555 319
555 321
555 324
555 327
555 342
555 343
555 352
555 354
555 367
555 376
555 377
555 378
555 383
555 424
555 425
555 433
555 538
555 550
555 553
555 578
555 581
555 692
555 698
555 701
555 715
555 727
555 728
555 731
555 736
555 739
555 742
555 746
555 749
555 850
555 856
555 867
555 870
555 871
555 874
555 879
555 881
555 882
555 900
555 930
555 932
555 935
555 949
555 950
555 951
555 954
555 958
555 959
555 970
555 973
555 978
555 979
555 980
555 981
555 990
555 997
555 998
555 1018
555 1019
555 1026
555 1027
555 1029
555 1030
555 1035
555 1036
555 1037
555 1038
555 1039
555 1040
555 1041
555 1053
555 1054
555 1055
555 1074
555 1077
555 1078
555 1087
555 1090
555 1093
555 1104
555 1109
555 1112
555 1114
555 1115
555 1116
556 12
556 56
556 59
556 96
556 111
556 112
556 151
556 152
556 153
556 156
556 157
556 163
556 164
556 167
556 169
556 172
556 173
556 176
556 177
556 180
556 190
556 205
556 208
556 211
556 219
556 270
556 278
556 302
556 306
556 312
556 318
556 322
556 324
556 327
556 343
556 354
556 378
556 382
556 383
556 424
556 433
556 538
556 550
556 554
556 578
556 581
556 692
556 698
556 702
556 703
556 704
556 705
556 706
556 707
556 714
556 715
556 717
556 718
556 719
556 724
556 728
556 731
556 736
556 739
556 746
556 749
556 850
556 857
556 858
556 867
556 870
556 879
556 880
556 884
556 900
556 903
556 916
556 921
556 932
556 934
556 949
556 951
556 959
556 960
556 961
556 962
556 963
556 964
556 965
556 966
556 970
556 972
556 982
556 983
556 990
556 997
556 1013
556 1014
556 1015
556 1016
556 1018
556 1022
556 1028
556 1029
556 1031
556 1035
556 1043
556 1044
556 1046
556 1047
556 1048
556 1049
556 1051
556 1052
556 1053
556 1055
556 1056
556 1062
556 1063
556 1064
556 1065
556 1066
556 1067
556 1071
556 1072
556 1073
556 1075
556 1079
556 1080
556 1081
556 1084
556 1085
556 1086
556 1088
556 1089
556 1091
556 1092
556 1103
556 1104
556 1109
556 1112
556 1114
556 1116
557 12
557 56
557 59
557 61
557 62
557 96
557 111
557 150
557 151
557 155
557 167
557 169
557 171
557 174
557 175
557 176
557 179
557 188
557 190
557 205
557 208
557 211
557 219
557 270
557 277
557 302
557 306
557 318
557 319
557 320
557 322
557 324
557 342
557 354
557 355
557 379
557 381
557 382
557 424
557 432
557 538
557 550
557 554
557 578
557 581
557 692
557 698
557 701
557 708
557 713
557 714
557 716
557 720
557 721
557 722
557 723
557 725
557 726
557 727
557 731
557 736
557 739
557 746
557 749
557 850
557 856
557 859
557 867
557 871
557 872
557 873
557 879
557 882
557 900
557 902
557 903
557 915
557 920
557 922
557 929
557 932
557 942
557 949
557 951
557 969
557 972
557 979
557 983
557 991
557 996
557 997
557 1009
557 1016
557 1018
557 1019
557 1020
557 1021
557 1023
557 1024
557 1025
557 1026
557 1027
557 1028
557 1033
557 1034
557 1035
557 1036
557 1037
557 1039
557 1040
557 1041
557 1042
557 1043
557 1045
557 1046
557 1050
557 1057
557 1058
557 1059
557 1060
557 1061
557 1068
557 1069
557 1070
557 1076
557 1077
557 1078
557 1092
557 1093
557 1103
557 1109
557 1111
557 1112
557 1114
557 1116
557 1117
558 12
558 56
558 59
558 60
558 61
558 93
558 94
558 95
558 111
558 126
558 127
558 149
558 150
558 154
558 167
558 171
558 174
558 178
558 181
558 182
558 183
558 189
558 190
558 205
558 207
558 208
558 211
558 219
558 270
558 277
558 302
558 306
558 319
558 322
558 324
558 325
558 326
558 349
558 350
558 351
558 352
558 353
558 354
558 367
558 381
558 432
558 538
558 550
558 554
558 578
558 581
558 692
558 698
558 701
558 703
558 708
558 712
558 713
558 727
558 731
558 736
558 739
558 746
558 749
558 850
558 856
558 867
558 870
558 873
558 874
558 877
558 881
558 882
558 899
558 902
558 914
558 915
558 916
558 917
558 920
558 922
558 927
558 929
558 931
558 933
558 941
558 942
558 956
558 957
558 958
558 962
558 963
558 964
558 965
558 966
558 967
558 968
558 969
558 970
558 971
558 972
558 973
558 974
558 975
558 976
558 977
558 978
558 979
558 983
558 984
558 985
558 986
558 987
558 988
558 989
558 990
558 992
558 993
558 994
558 995
558 1002
558 1003
558 1004
558 1005
558 1006
558 1007
558 1008
558 1009
558 1012
558 1013
558 1014
558 1015
558 1016
558 1035
558 1073
558 1074
558 1075
558 1080
558 1081
558 1082
558 1083
558 1084
558 1085
558 1086
558 1087
558 1088
558 1089
558 1093
558 1094
558 1096
558 1103
558 1104
558 1109
558 1111
558 1114
558 1117
558 1145
558 1146
558 1150
558 1151
558 1152
558 1156
558 1168
558 1169
558 1170
558 1171
558 1172
558 1173
558 1174
558 1175
558 1176
558 1179
558 1180
558 1181
558 1182
558 1183
558 1184
558 1185
558 1186
558 1187
558 1188
558 1189
558 1190
558 1191
558 1192
558 1193
558 1194
558 1195
558 1196
558 1197
558 1198
558 1199
559 8
559 9
559 10
559 11
559 12
559 56
559 57
559 58
559 92
559 112
559 126
559 128
559 148
559 149
559 152
559 153
559 166
559 168
559 170
559 173
559 176
559 177
559 178
559 181
559 183
559 188
559 197
559 201
559 206
559 207
559 211
559 220
559 269
559 270
559 277
559 302
559 306
559 321
559 324
559 326
559 354
559 368
559 369
559 381
559 432
559 537
559 550
559 554
559 576
559 578
559 581
559 692
559 698
559 701
559 705
559 706
559 707
559 708
559 712
559 723
559 724
559 727
559 728
559 731
559 736
559 739
559 746
559 749
559 798
559 799
559 800
559 801
559 802
559 803
559 850
559 856
559 863
559 867
559 874
559 877
559 878
559 879
559 883
559 884
559 885
559 886
559 887
559 888
559 889
559 890
559 891
559 892
559 893
559 894
559 895
559 896
559 897
559 898
559 899
559 900
559 902
559 903
559 904
559 905
559 906
559 907
559 908
559 909
559 910
559 911
559 912
559 913
559 914
559 917
559 918
559 919
559 920
559 923
559 924
559 925
559 926
559 927
559 929
559 930
559 931
559 933
559 934
559 935
559 936
559 937
559 938
559 939
559 940
559 941
559 959
559 960
559 961
559 1027
559 1028
559 1029
559 1030
559 1031
559 1032
559 1033
559 1034
559 1035
559 1036
559 1037
559 1040
559 1041
559 1042
559 1043
559 1044
559 1045
559 1046
559 1047
559 1048
559 1049
559 1050
559 1051
559 1052
559 1053
559 1054
559 1056
559 1057
559 1058
559 1059
559 1060
559 1061
559 1062
559 1063
559 1064
559 1065
559 1066
559 1067
559 1068
559 1069
559 1070
559 1071
559 1072
559 1076
559 1090
559 1091
559 1095
559 1104
559 1109
559 1110
559 1111
559 1114
559 1115
559 1116
559 1117
559 1118
559 1119
559 1120
559 1121
559 1122
559 1123
559 1124
559 1125
559 1126
559 1127
559 1128
559 1129
559 1130
559 1131
559 1132
559 1133
559 1134
559 1135
559 1136
559 1137
559 1138
559 1139
559 1140
559 1141
559 1142
559 1143
559 1144
559 1147
559 1148
559 1149
559 1153
559 1154
559 1155
559 1157
559 1158
559 1159
559 1160
559 1161
559 1162
559 1163
559 1164
559 1165
559 1166
559 1167
559 1177
559 1178
560 0
560 1
560 2
560 3
560 4
560 5
560 6
560 7
560 30
560 31
560 32
560 33
560 34
560 35
560 88
560 89
560 91
560 112
560 115
560 126
560 144
560 145
560 146
560 147
560 166
560 167
560 170
560 172
560 173
560 175
560 176
560 181
560 182
560 183
560 188
560 195
560 196
560 197
560 200
560 202
560 204
560 206
560 211
560 220
560 221
560 222
560 223
560 224
560 225
560 226
560 227
560 228
560 229
560 230
560 231
560 232
560 233
560 235
560 236
560 237
560 238
560 239
560 240
560 277
560 303
560 306
560 310
560 311
560 312
560 320
560 321
560 324
560 325
560 326
560 354
560 367
560 381
560 382
560 431
560 432
560 538
560 550
560 554
560 576
560 578
560 581
560 692
560 698
560 701
560 702
560 703
560 707
560 710
560 711
560 725
560 728
560 731
560 736
560 739
560 746
560 749
560 786
560 787
560 788
560 789
560 790
560 791
560 792
560 793
560 794
560 795
560 796
560 797
560 804
560 805
560 806
560 850
560 855
560 862
560 867
560 874
560 876
560 879
560 881
560 927
560 929
560 962
560 963
560 964
560 965
560 966
560 967
560 968
560 969
560 970
560 971
560 972
560 973
560 974
560 975
560 976
560 977
560 978
560 979
560 980
560 981
560 982
560 983
560 1002
560 1003
560 1004
560 1005
560 1006
560 1007
560 1008
560 1009
560 1010
560 1038
560 1039
560 1049
560 1075
560 1092
560 1096
560 1097
560 1103
560 1104
560 1110
561 30
561 89
561 91
561 112
561 113
561 114
561 115
561 121
561 122
561 123
561 124
561 125
561 139
561 141
561 142
561 143
561 152
561 153
561 154
561 167
561 171
561 175
561 195
561 198
561 199
561 204
561 207
561 211
561 219
561 234
561 241
561 242
561 243
561 244
561 245
561 246
561 247
561 248
561 249
561 250
561 251
561 252
561 253
561 254
561 255
561 256
561 257
561 258
561 259
561 260
561 261
561 262
561 263
561 264
561 265
561 266
561 267
561 268
561 277
561 303
561 306
561 310
561 312
561 320
561 356
561 357
561 358
561 368
561 369
561 370
561 382
561 383
561 431
561 433
561 538
561 550
561 554
561 576
561 579
561 581
561 691
561 698
561 707
561 710
561 721
561 725
561 727
561 731
561 736
561 739
561 746
561 749
561 806
561 850
561 855
561 862
561 867
561 874
561 876
561 879
561 881
561 887
561 908
561 909
561 910
561 911
561 912
561 913
561 914
561 915
561 916
561 917
561 918
561 919
561 920
561 921
561 922
561 928
561 929
561 930
561 931
561 944
561 945
561 946
561 947
561 948
561 949
561 950
561 951
561 952
561 953
561 1022
561 1065
561 1076
561 1077
561 1093
561 1094
561 1097
561 1103
561 1105
562 22
562 23
562 24
562 25
562 26
562 27
562 30
562 89
562 91
562 116
562 133
562 135
562 137
562 138
562 146
562 151
562 152
562 154
562 169
562 170
562 176
562 182
562 183
562 192
562 193
562 194
562 199
562 200
562 204
562 208
562 211
562 219
562 269
562 270
562 271
562 272
562 277
562 302
562 306
562 310
562 312
562 320
562 332
562 333
562 356
562 358
562 383
562 433
562 538
562 550
562 554
562 563
562 569
562 576
562 579
562 581
562 692
562 698
562 704
562 705
562 706
562 707
562 708
562 709
562 710
562 711
562 712
562 713
562 714
562 715
562 716
562 717
562 718
562 719
562 720
562 722
562 723
562 724
562 725
562 726
562 727
562 731
562 736
562 739
562 746
562 749
562 803
562 805
562 850
562 855
562 856
562 858
562 859
562 860
562 861
562 862
562 868
562 874
562 877
562 879
562 880
562 881
562 885
562 887
562 919
562 943
562 944
562 1008
562 1009
562 1010
562 1011
562 1022
562 1023
562 1064
562 1066
562 1095
562 1097
562 1103
563 22
563 27
563 28
563 30
563 89
563 91
563 131
563 132
563 133
563 134
563 135
563 136
563 138
563 139
563 141
563 144
563 145
563 147
563 149
563 150
563 155
563 168
563 169
563 172
563 173
563 174
563 176
563 182
563 192
563 194
563 198
563 201
563 208
563 211
563 219
563 277
563 302
563 306
563 310
563 312
563 320
563 332
563 356
563 358
563 383
563 539
563 550
563 554
563 563
563 569
563 576
563 578
563 581
563 692
563 699
563 702
563 703
563 728
563 731
563 736
563 739
563 746
563 749
563 803
563 804
563 805
563 844
563 850
563 857
563 858
563 862
563 868
563 874
563 877
563 879
563 885
563 886
563 904
563 918
563 921
563 943
563 1007
563 1010
563 1012
563 1021
563 1022
563 1024
563 1028
563 1063
563 1067
563 1093
563 1095
563 1098
563 1102
564 21
564 30
564 89
564 91
564 100
564 108
564 109
564 110
564 111
564 138
564 139
564 140
564 143
564 144
564 148
564 155
564 167
564 168
564 171
564 174
564 176
564 181
564 182
564 192
564 194
564 198
564 205
564 206
564 208
564 209
564 211
564 219
564 270
564 274
564 275
564 276
564 277
564 302
564 306
564 310
564 312
564 320
564 332
564 356
564 358
564 383
564 539
564 550
564 551
564 563
564 567
564 569
564 570
564 576
564 577
564 578
564 581
564 692
564 699
564 701
564 726
564 728
564 731
564 736
564 739
564 746
564 749
564 844
564 850
564 862
564 868
564 874
564 877
564 879
564 886
564 902
564 903
564 918
564 919
564 920
564 921
564 978
564 980
564 1007
564 1012
564 1022
564 1028
564 1058
564 1063
564 1064
564 1066
564 1093
564 1095
564 1098
564 1102
564 1103
564 1113
565 21
565 30
565 88
565 89
565 91
565 92
565 93
565 94
565 95
565 98
565 102
565 103
565 104
565 105
565 106
565 107
565 112
565 130
565 131
565 137
565 138
565 142
565 143
565 145
565 147
565 155
565 167
565 170
565 175
565 183
565 192
565 194
565 197
565 198
565 206
565 210
565 219
565 269
565 270
565 271
565 272
565 273
565 274
565 284
565 286
565 287
565 288
565 289
565 302
565 306
565 310
565 312
565 320
565 331
565 356
565 358
565 363
565 364
565 382
565 383
565 539
565 540
565 541
565 542
565 543
565 563
565 564
565 565
565 567
565 570
565 571
565 572
565 573
565 574
565 575
565 578
565 581
565 692
565 699
565 701
565 715
565 723
565 726
565 728
565 731
565 736
565 739
565 746
565 749
565 844
565 850
565 862
565 868
565 874
565 877
565 879
565 886
565 901
565 920
565 951
565 952
565 979
565 981
565 1007
565 1008
565 1009
565 1010
565 1012
565 1022
565 1028
565 1044
565 1059
565 1060
565 1061
565 1062
565 1064
565 1065
565 1093
565 1095
565 1098
565 1103
565 1111
565 1112
565 1114
565 1115
565 1116
565 1117
565 1118
565 1119
565 1120
565 1121
565 1122
565 1123
565 1127
565 1128
565 1129
565 1130
565 1131
565 1132
565 1133
565 1134
565 1135
565 1136
565 1137
565 1138
565 1139
565 1140
565 1141
565 1142
565 1143
565 1148
565 1149
565 1152
565 1153
565 1165
565 1169
565 1170
565 1171
565 1172
565 1173
565 1174
566 11
566 21
566 30
566 89
566 97
566 99
566 101
566 102
566 107
566 113
566 114
566 130
566 135
566 136
566 137
566 140
566 141
566 142
566 147
566 155
566 165
566 166
566 169
566 170
566 175
566 183
566 192
566 194
566 197
566 206
566 209
566 219
566 233
566 238
566 263
566 264
566 265
566 266
566 267
566 268
566 269
566 272
566 283
566 284
566 285
566 302
566 306
566 310
566 312
566 319
566 331
566 356
566 357
566 358
566 362
566 382
566 451
566 452
566 453
566 454
566 455
566 456
566 458
566 531
566 532
566 533
566 534
566 535
566 536
566 537
566 538
566 551
566 567
566 581
566 692
566 699
566 701
566 707
566 715
566 716
566 717
566 721
566 722
566 723
566 724
566 726
566 728
566 731
566 736
566 739
566 746
566 749
566 844
566 850
566 861
566 862
566 867
566 874
566 877
566 879
566 885
566 886
566 919
566 951
566 963
566 979
566 982
566 983
566 1010
566 1011
566 1025
566 1028
566 1029
566 1040
566 1041
566 1042
566 1043
566 1044
566 1092
566 1093
566 1095
566 1098
566 1103
566 1111
566 1124
566 1125
566 1126
566 1144
566 1145
566 1146
566 1147
566 1150
566 1151
566 1154
566 1155
566 1156
566 1157
566 1158
566 1159
566 1160
566 1161
566 1162
566 1163
566 1164
566 1166
566 1167
566 1168
567 11
567 22
567 29
567 30
567 89
567 90
567 91
567 92
567 93
567 94
567 96
567 99
567 101
567 108
567 121
567 127
567 130
567 133
567 134
567 139
567 140
567 142
567 143
567 146
567 147
567 155
567 164
567 165
567 168
567 169
567 171
567 175
567 194
567 196
567 197
567 207
567 208
567 209
567 219
567 234
567 236
567 237
567 263
567 280
567 281
567 282
567 302
567 306
567 310
567 312
567 320
567 322
567 339
567 342
567 343
567 344
567 345
567 360
567 361
567 362
567 363
567 382
567 456
567 457
567 458
567 459
567 460
567 513
567 514
567 539
567 540
567 541
567 552
567 553
567 560
567 561
567 562
567 563
567 564
567 565
567 566
567 567
567 568
567 570
567 571
567 572
567 573
567 574
567 575
567 576
567 577
567 578
567 581
567 692
567 699
567 701
567 707
567 716
567 718
567 719
567 721
567 725
567 728
567 731
567 736
567 739
567 746
567 749
567 844
567 850
567 862
567 867
567 874
567 879
567 884
567 950
567 960
567 963
567 968
567 969
567 979
567 981
567 982
567 992
567 1008
567 1009
567 1013
567 1026
567 1039
567 1044
567 1085
567 1088
567 1089
567 1090
567 1091
567 1095
567 1102
567 1103
567 1110
567 1113
567 1115
568 0
568 1
568 11
568 22
568 23
568 24
568 25
568 26
568 27
568 28
568 96
568 99
568 101
568 103
568 104
568 108
568 111
568 119
568 120
568 121
568 128
568 131
568 132
568 133
568 137
568 138
568 143
568 144
568 145
568 146
568 155
568 163
568 164
568 167
568 168
568 171
568 172
568 176
568 179
568 180
568 181
568 194
568 196
568 199
568 200
568 210
568 219
568 226
568 227
568 228
568 229
568 230
568 231
568 232
568 233
568 234
568 235
568 263
568 264
568 265
568 266
568 280
568 302
568 306
568 308
568 310
568 312
568 320
568 321
568 322
568 323
568 340
568 342
568 347
568 348
568 358
568 359
568 382
568 458
568 460
568 461
568 511
568 512
568 525
568 526
568 553
568 559
568 568
568 569
568 571
568 578
568 581
568 692
568 699
568 701
568 707
568 715
568 719
568 720
568 723
568 724
568 731
568 736
568 740
568 746
568 749
568 844
568 850
568 862
568 867
568 874
568 879
568 884
568 950
568 960
568 961
568 962
568 963
568 967
568 970
568 971
568 983
568 984
568 985
568 986
568 993
568 994
568 1008
568 1013
568 1027
568 1028
568 1037
568 1039
568 1043
568 1084
568 1086
568 1087
568 1090
568 1095
568 1100
568 1101
568 1102
568 1111
568 1112
568 1113
568 1115
568 1116
568 1117
568 1120
568 1127
568 1128
569 2
569 3
569 4
569 5
569 6
569 7
569 8
569 9
569 10
569 11
569 96
569 99
569 101
569 103
569 104
569 105
569 108
569 109
569 111
569 114
569 119
569 121
569 128
569 130
569 135
569 136
569 145
569 155
569 162
569 163
569 166
569 167
569 170
569 172
569 176
569 179
569 181
569 182
569 194
569 197
569 201
569 206
569 210
569 220
569 224
569 225
569 268
569 269
569 273
569 274
569 280
569 291
569 292
569 293
569 294
569 302
569 303
569 306
569 308
569 310
569 311
569 312
569 320
569 324
569 328
569 340
569 341
569 342
569 348
569 359
569 360
569 361
569 362
569 363
569 382
569 457
569 461
569 462
569 463
569 511
569 522
569 524
569 554
569 560
569 561
569 562
569 563
569 564
569 565
569 566
569 569
569 578
569 581
569 692
569 699
569 701
569 707
569 715
569 720
569 731
569 736
569 739
569 746
569 749
569 844
569 850
569 862
569 867
569 874
569 879
569 950
569 964
569 967
569 970
569 992
569 993
569 995
569 1007
569 1008
569 1010
569 1011
569 1013
569 1015
569 1025
569 1028
569 1036
569 1039
569 1043
569 1046
569 1047
569 1054
569 1058
569 1084
569 1087
569 1088
569 1095
569 1098
569 1099
569 1117
569 1118
569 1119
569 1121
569 1122
569 1123
569 1124
569 1125
569 1126
570 12
570 16
570 34
570 36
570 96
570 99
570 101
570 105
570 109
570 112
570 114
570 119
570 121
570 122
570 129
570 130
570 134
570 145
570 148
570 149
570 150
570 151
570 152
570 154
570 161
570 162
570 165
570 172
570 173
570 176
570 179
570 182
570 183
570 184
570 185
570 197
570 206
570 210
570 220
570 241
570 242
570 243
570 244
570 245
570 246
570 247
570 253
570 254
570 255
570 256
570 257
570 258
570 259
570 260
570 261
570 262
570 263
570 264
570 265
570 266
570 267
570 268
570 269
570 274
570 278
570 279
570 280
570 281
570 282
570 283
570 284
570 285
570 286
570 287
570 288
570 289
570 290
570 303
570 306
570 308
570 312
570 314
570 320
570 323
570 328
570 329
570 342
570 343
570 344
570 345
570 346
570 348
570 349
570 359
570 382
570 457
570 464
570 511
570 518
570 522
570 524
570 525
570 526
570 554
570 567
570 569
570 578
570 581
570 692
570 699
570 701
570 707
570 715
570 720
570 731
570 736
570 739
570 746
570 749
570 844
570 850
570 862
570 867
570 874
570 879
570 885
570 967
570 970
570 972
570 1008
570 1009
570 1014
570 1016
570 1025
570 1028
570 1034
570 1036
570 1038
570 1043
570 1045
570 1048
570 1052
570 1054
570 1056
570 1057
570 1079
570 1080
570 1081
570 1082
570 1083
570 1084
570 1085
570 1086
570 1087
570 1088
570 1095
570 1099
571 16
571 34
571 36
571 37
571 96
571 99
571 101
571 103
571 104
571 105
571 106
571 108
571 109
571 110
571 112
571 113
571 114
571 119
571 121
571 122
571 128
571 129
571 132
571 145
571 152
571 154
571 155
571 156
571 160
571 161
571 164
571 169
571 173
571 176
571 177
571 178
571 179
571 185
571 197
571 198
571 199
571 200
571 205
571 210
571 220
571 221
571 222
571 224
571 225
571 226
571 227
571 228
571 229
571 230
571 231
571 232
571 233
571 234
571 235
571 236
571 237
571 238
571 239
571 240
571 248
571 249
571 250
571 251
571 252
571 307
571 312
571 314
571 315
571 321
571 330
571 344
571 346
571 347
571 382
571 461
571 462
571 463
571 511
571 512
571 519
571 522
571 525
571 555
571 559
571 564
571 565
571 567
571 578
571 581
571 653
571 692
571 699
571 701
571 708
571 715
571 721
571 731
571 736
571 739
571 746
571 749
571 844
571 850
571 862
571 868
571 873
571 874
571 879
571 884
571 885
571 886
571 906
571 970
571 971
571 1011
571 1013
571 1016
571 1025
571 1026
571 1027
571 1028
571 1032
571 1033
571 1034
571 1037
571 1043
571 1045
571 1049
571 1051
571 1054
571 1055
571 1056
571 1059
571 1060
571 1062
571 1078
571 1085
571 1095
571 1099
571 1113
571 1117
571 1118
571 1127
571 1128
571 1129
571 1130
571 1131
571 1132
571 1133
571 1134
571 1135
571 1136
571 1137
571 1138
571 1139
571 1140
571 1141
571 1142
571 1149
571 1150
571 1151
571 1152
571 1153
572 15
572 34
572 36
572 96
572 97
572 99
572 101
572 103
572 106
572 107
572 112
572 119
572 120
572 123
572 124
572 125
572 126
572 127
572 131
572 141
572 145
572 154
572 157
572 158
572 159
572 160
572 163
572 164
572 167
572 169
572 174
572 176
572 179
572 180
572 181
572 182
572 184
572 185
572 188
572 189
572 206
572 219
572 223
572 272
572 274
572 275
572 289
572 290
572 291
572 292
572 293
572 294
572 300
572 301
572 302
572 303
572 312
572 315
572 316
572 320
572 321
572 326
572 327
572 330
572 347
572 382
572 459
572 460
572 512
572 513
572 514
572 515
572 519
572 520
572 521
572 523
572 524
572 525
572 531
572 532
572 554
572 559
572 566
572 568
572 578
572 581
572 653
572 693
572 699
572 701
572 708
572 716
572 717
572 721
572 727
572 728
572 731
572 737
572 739
572 746
572 749
572 844
572 850
572 862
572 863
572 868
572 874
572 879
572 884
572 886
572 887
572 907
572 908
572 909
572 956
572 1011
572 1013
572 1015
572 1027
572 1030
572 1031
572 1032
572 1035
572 1040
572 1041
572 1042
572 1045
572 1048
572 1049
572 1051
572 1052
572 1053
572 1059
572 1063
572 1066
572 1067
572 1080
572 1081
572 1082
572 1083
572 1085
572 1095
572 1099
572 1110
572 1111
572 1112
572 1117
572 1126
572 1140
572 1143
572 1144
572 1145
572 1146
572 1147
572 1148
573 15
573 34
573 36
573 97
573 102
573 103
573 116
573 117
573 120
573 121
573 122
573 127
573 130
573 142
573 145
573 146
573 149
573 153
573 154
573 162
573 163
573 165
573 166
573 167
573 168
573 169
573 174
573 181
573 183
573 187
573 188
573 189
573 190
573 197
573 198
573 199
573 200
573 201
573 202
573 203
573 204
573 206
573 207
573 208
573 239
573 240
573 241
573 242
573 243
573 244
573 245
573 246
573 247
573 248
573 249
573 250
573 251
573 252
573 253
573 254
573 255
573 256
573 257
573 258
573 259
573 260
573 261
573 262
573 263
573 264
573 265
573 266
573 267
573 268
573 269
573 270
573 271
573 273
573 276
573 277
573 278
573 279
573 280
573 281
573 282
573 283
573 284
573 285
573 286
573 287
573 288
573 295
573 296
573 297
573 298
573 299
573 304
573 305
573 306
573 307
573 308
573 309
573 316
573 320
573 323
573 327
573 330
573 347
573 383
573 455
573 456
573 457
573 458
573 480
573 481
573 482
573 483
573 484
573 485
573 486
573 487
573 488
573 489
573 532
573 554
573 559
573 566
573 568
573 570
573 578
573 581
573 653
573 693
573 699
573 701
573 707
573 708
573 717
573 728
573 731
573 737
573 740
573 746
573 749
573 844
573 850
573 863
573 867
573 874
573 879
573 884
573 955
573 956
573 1011
573 1013
573 1027
573 1029
573 1030
573 1036
573 1037
573 1038
573 1042
573 1047
573 1053
573 1060
573 1061
573 1064
573 1065
573 1066
573 1079
573 1081
573 1085
573 1099
573 1110
573 1112
573 1117
574 14
574 15
574 25
574 34
574 36
574 94
574 96
574 101
574 103
574 117
574 120
574 121
574 129
574 142
574 147
574 148
574 150
574 151
574 152
574 153
574 156
574 160
574 161
574 171
574 172
574 180
574 190
574 197
574 205
574 208
574 209
574 210
574 211
574 212
574 213
574 214
574 215
574 216
574 217
574 218
574 219
574 220
574 224
574 225
574 226
574 227
574 228
574 229
574 230
574 231
574 232
574 233
574 234
574 235
574 236
574 237
574 238
574 305
574 308
574 316
574 319
574 323
574 324
574 327
574 329
574 330
574 347
574 383
574 478
574 479
574 490
574 491
574 532
574 554
574 557
574 559
574 566
574 568
574 570
574 578
574 581
574 653
574 693
574 699
574 701
574 707
574 717
574 726
574 727
574 728
574 731
574 736
574 739
574 746
574 749
574 844
574 850
574 863
574 867
574 868
574 874
574 879
574 881
574 883
574 983
574 984
574 1011
574 1013
574 1027
574 1050
574 1051
574 1052
574 1053
574 1054
574 1055
574 1058
574 1059
574 1061
574 1062
574 1064
574 1079
574 1085
574 1088
574 1110
574 1117
575 14
575 25
575 27
575 34
575 36
575 87
575 88
575 89
575 90
575 91
575 92
575 93
575 94
575 96
575 101
575 104
575 115
575 116
575 117
575 119
575 120
575 124
575 125
575 126
575 129
575 142
575 144
575 156
575 160
575 170
575 173
575 180
575 188
575 189
575 190
575 191
575 201
575 202
575 203
575 204
575 205
575 207
575 209
575 221
575 222
575 223
575 242
575 245
575 253
575 287
575 305
575 308
575 309
575 310
575 316
575 319
575 324
575 325
575 326
575 327
575 329
575 347
575 382
575 420
575 479
575 532
575 553
575 556
575 558
575 568
575 570
575 578
575 581
575 653
575 693
575 699
575 701
575 707
575 709
575 710
575 711
575 712
575 713
575 714
575 716
575 731
575 737
575 740
575 746
575 749
575 844
575 850
575 861
575 863
575 867
575 874
575 879
575 881
575 883
575 957
575 984
575 986
575 987
575 988
575 1010
575 1011
575 1013
575 1014
575 1017
575 1018
575 1055
575 1062
575 1064
575 1069
575 1071
575 1073
575 1074
575 1075
575 1076
575 1079
575 1084
575 1085
575 1087
575 1089
575 1090
575 1091
575 1092
575 1093
575 1110
575 1117
575 1185
575 1186
575 1187
575 1188
575 1189
575 1190
575 1191
575 1192
576 14
576 25
576 27
576 34
576 36
576 48
576 94
576 95
576 96
576 101
576 102
576 103
576 104
576 107
576 113
576 114
576 117
576 119
576 124
576 126
576 128
576 129
576 142
576 144
576 155
576 156
576 159
576 170
576 179
576 188
576 190
576 207
576 208
576 209
576 241
576 242
576 243
576 244
576 253
576 256
576 257
576 258
576 259
576 260
576 297
576 298
576 299
576 302
576 304
576 305
576 308
576 315
576 316
576 319
576 324
576 327
576 329
576 345
576 347
576 361
576 363
576 382
576 420
576 479
576 491
576 532
576 554
576 556
576 558
576 568
576 570
576 578
576 581
576 653
576 684
576 685
576 686
576 687
576 693
576 699
576 701
576 707
576 709
576 714
576 731
576 736
576 741
576 746
576 749
576 844
576 850
576 861
576 863
576 867
576 874
576 881
576 883
576 884
576 955
576 956
576 957
576 958
576 985
576 986
576 988
576 1008
576 1009
576 1010
576 1014
576 1015
576 1017
576 1019
576 1053
576 1054
576 1055
576 1056
576 1057
576 1058
576 1059
576 1060
576 1061
576 1062
576 1064
576 1065
576 1066
576 1067
576 1068
576 1069
576 1070
576 1071
576 1072
576 1073
576 1076
576 1077
576 1078
576 1079
576 1083
576 1084
576 1110
576 1112
576 1117
576 1134
576 1140
576 1175
576 1192
576 1193
577 14
577 15
577 16
577 17
577 18
577 25
577 27
577 28
577 29
577 30
577 31
577 32
577 33
577 34
577 36
577 37
577 38
577 39
577 40
577 41
577 42
577 43
577 44
577 45
577 46
577 47
577 96
577 105
577 106
577 108
577 109
577 110
577 111
577 112
577 113
577 118
577 122
577 123
577 124
577 126
577 127
577 128
577 139
577 140
577 141
577 142
577 153
577 154
577 155
577 159
577 169
577 170
577 178
577 180
577 183
577 184
577 188
577 190
577 191
577 192
577 193
577 194
577 195
577 207
577 209
577 237
577 238
577 255
577 266
577 283
577 287
577 290
577 291
577 293
577 294
577 295
577 296
577 303
577 304
577 306
577 314
577 315
577 319
577 327
577 344
577 347
577 361
577 363
577 382
577 420
577 479
577 490
577 532
577 554
577 556
577 557
577 568
577 570
577 578
577 581
577 653
577 683
577 688
577 693
577 699
577 702
577 707
577 709
577 714
577 727
577 728
577 729
577 731
577 737
577 741
577 746
577 749
577 844
577 850
577 861
577 863
577 865
577 867
577 874
577 880
577 884
577 885
577 886
577 887
577 888
577 889
577 890
577 891
577 892
577 893
577 955
577 984
577 988
577 1017
577 1062
577 1071
577 1073
577 1087
577 1088
577 1089
577 1090
577 1091
577 1092
577 1093
577 1110
577 1111
577 1112
577 1116
577 1117
577 1118
577 1119
577 1120
577 1122
577 1123
577 1124
577 1125
577 1126
577 1127
577 1130
577 1131
577 1132
577 1133
577 1134
577 1140
577 1151
577 1152
577 1153
577 1154
577 1155
577 1156
577 1157
577 1158
577 1175
577 1193
578 25
578 26
578 30
578 36
578 96
578 115
578 116
578 117
578 120
578 121
578 136
578 139
578 142
578 144
578 151
578 152
578 153
578 156
578 158
578 159
578 171
578 172
578 173
578 174
578 175
578 176
578 178
578 181
578 182
578 184
578 188
578 190
578 197
578 198
578 199
578 207
578 235
578 236
578 237
578 238
578 239
578 240
578 241
578 242
578 243
578 244
578 245
578 246
578 247
578 248
578 249
578 250
578 251
578 252
578 256
578 257
578 258
578 259
578 260
578 261
578 262
578 263
578 264
578 265
578 267
578 268
578 269
578 270
578 271
578 272
578 273
578 274
578 275
578 276
578 277
578 278
578 279
578 280
578 281
578 282
578 283
578 284
578 285
578 288
578 289
578 292
578 299
578 300
578 303
578 315
578 319
578 325
578 328
578 344
578 347
578 361
578 363
578 381
578 420
578 479
578 486
578 487
578 488
578 489
578 490
578 532
578 554
578 557
578 570
578 578
578 581
578 654
578 688
578 689
578 699
578 702
578 707
578 714
578 726
578 729
578 731
578 737
578 741
578 746
578 749
578 844
578 850
578 856
578 857
578 858
578 859
578 860
578 863
578 864
578 865
578 866
578 867
578 868
578 873
578 880
578 955
578 956
578 957
578 985
578 986
578 987
578 988
578 989
578 990
578 1015
578 1016
578 1017
578 1018
578 1019
578 1020
578 1021
578 1045
578 1046
578 1047
578 1048
578 1063
578 1064
578 1065
578 1066
578 1067
578 1068
578 1069
578 1073
578 1074
578 1075
578 1085
578 1086
578 1091
578 1116
578 1121
578 1128
578 1129
578 1135
578 1136
578 1137
578 1138
578 1139
578 1140
578 1141
578 1142
578 1143
578 1144
578 1145
578 1146
578 1147
578 1148
578 1149
578 1150
578 1159
578 1160
578 1161
578 1162
578 1163
578 1164
578 1165
578 1166
578 1167
578 1168
578 1169
578 1170
578 1171
578 1172
578 1173
578 1174
578 1175
578 1176
578 1177
578 1178
578 1179
578 1193
579 30
579 31
579 32
579 34
579 35
579 96
579 113
579 114
579 119
579 120
579 127
579 134
579 135
579 138
579 139
579 140
579 142
579 145
579 146
579 150
579 151
579 154
579 155
579 156
579 158
579 178
579 179
579 181
579 184
579 189
579 197
579 199
579 200
579 208
579 209
579 210
579 211
579 212
579 213
579 214
579 215
579 216
579 217
579 218
579 219
579 220
579 221
579 222
579 223
579 224
579 225
579 226
579 227
579 228
579 229
579 230
579 231
579 232
579 233
579 234
579 253
579 254
579 255
579 257
579 275
579 300
579 303
579 307
579 308
579 309
579 318
579 319
579 325
579 326
579 327
579 328
579 344
579 345
579 347
579 361
579 362
579 363
579 364
579 365
579 366
579 367
579 368
579 382
579 420
579 479
579 480
579 481
579 482
579 483
579 484
579 485
579 486
579 531
579 532
579 551
579 554
579 555
579 558
579 570
579 578
579 581
579 654
579 687
579 689
579 699
579 702
579 707
579 714
579 716
579 717
579 718
579 729
579 731
579 737
579 741
579 746
579 749
579 844
579 850
579 856
579 865
579 868
579 871
579 872
579 873
579 880
579 891
579 941
579 942
579 985
579 1015
579 1033
579 1034
579 1035
579 1044
579 1045
579 1049
579 1051
579 1076
579 1090
579 1091
579 1180
579 1181
579 1182
579 1183
579 1184
579 1185
579 1186
579 1187
579 1188
579 1189
579 1190
579 1191
579 1192
579 1194
579 1195
579 1196
579 1197
579 1198
579 1199
580 33
580 97
580 112
580 113
580 117
580 118
580 119
580 127
580 128
580 129
580 135
580 136
580 140
580 141
580 146
580 147
580 149
580 150
580 153
580 154
580 156
580 158
580 173
580 179
580 182
580 183
580 196
580 197
580 200
580 201
580 202
580 203
580 204
580 205
580 208
580 234
580 241
580 246
580 247
580 248
580 249
580 250
580 251
580 256
580 257
580 258
580 259
580 260
580 261
580 262
580 263
580 269
580 270
580 271
580 275
580 282
580 288
580 290
580 291
580 292
580 293
580 294
580 295
580 296
580 297
580 298
580 299
580 300
580 301
580 302
580 303
580 304
580 305
580 309
580 313
580 314
580 315
580 317
580 318
580 326
580 382
580 420
580 531
580 551
580 555
580 556
580 558
580 570
580 578
580 581
580 654
580 689
580 699
580 702
580 707
580 708
580 714
580 715
580 719
580 729
580 731
580 737
580 741
580 746
580 749
580 844
580 850
580 856
580 857
580 869
580 871
580 880
580 891
580 940
580 973
580 974
580 975
580 976
580 991
580 992
580 993
580 1016
580 1034
580 1036
580 1042
580 1044
580 1048
580 1051
580 1072
580 1073
580 1088
580 1089
581 97
581 111
581 112
581 115
581 116
581 127
581 129
581 130
581 136
581 148
581 149
581 152
581 155
581 168
581 169
581 170
581 171
581 174
581 175
581 180
581 183
581 184
581 185
581 186
581 187
581 188
581 189
581 190
581 191
581 192
581 196
581 208
581 229
581 234
581 241
581 252
581 253
581 256
581 263
581 272
581 275
581 277
581 282
581 290
581 305
581 308
581 312
581 313
581 315
581 318
581 382
581 420
581 425
581 531
581 551
581 556
581 558
581 570
581 578
581 581
581 654
581 688
581 689
581 699
581 702
581 708
581 715
581 718
581 729
581 731
581 737
581 742
581 744
581 746
581 749
581 844
581 850
581 856
581 865
581 869
581 871
581 873
581 880
581 883
581 884
581 887
581 888
581 891
581 940
581 942
581 973
581 976
581 977
581 978
581 991
581 993
581 1017
581 1031
581 1033
581 1036
581 1041
581 1044
581 1048
581 1050
581 1051
581 1071
581 1073
581 1074
581 1087
581 1088
582 96
582 108
582 109
582 110
582 111
582 114
582 115
582 127
582 130
582 136
582 145
582 146
582 147
582 151
582 155
582 157
582 172
582 174
582 180
582 181
582 192
582 199
582 200
582 203
582 208
582 216
582 220
582 221
582 229
582 234
582 240
582 241
582 247
582 253
582 254
582 255
582 256
582 263
582 271
582 273
582 274
582 275
582 276
582 277
582 279
582 281
582 282
582 283
582 284
582 286
582 287
582 290
582 292
582 300
582 301
582 302
582 306
582 307
582 309
582 312
582 315
582 317
582 382
582 420
582 425
582 531
582 552
582 556
582 558
582 571
582 578
582 581
582 654
582 689
582 699
582 702
582 715
582 719
582 729
582 731
582 737
582 742
582 744
582 746
582 749
582 844
582 850
582 856
582 865
582 869
582 871
582 873
582 880
582 883
582 887
582 890
582 891
582 940
582 941
582 972
582 975
582 976
582 991
582 1010
582 1011
582 1031
582 1035
582 1036
582 1041
582 1043
582 1045
582 1048
582 1050
582 1070
582 1071
582 1073
582 1075
582 1076
582 1087
583 96
583 107
583 108
583 112
583 113
583 114
583 121
583 122
583 124
583 125
583 126
583 130
583 131
583 132
583 133
583 134
583 135
583 136
583 137
583 138
583 139
583 145
583 146
583 149
583 150
583 155
583 156
583 171
583 174
583 175
583 176
583 179
583 181
583 182
583 183
583 184
583 185
583 190
583 191
583 192
583 193
583 194
583 195
583 196
583 197
583 198
583 201
583 202
583 204
583 205
583 206
583 208
583 209
583 210
583 211
583 212
583 213
583 214
583 217
583 218
583 219
583 221
583 222
583 223
583 229
583 240
583 241
583 242
583 248
583 250
583 251
583 252
583 254
583 263
583 265
583 266
583 267
583 268
583 270
583 271
583 278
583 279
583 280
583 282
583 286
583 290
583 291
583 292
583 295
583 306
583 312
583 317
583 366
583 382
583 420
583 425
583 531
583 552
583 556
583 558
583 571
583 581
583 654
583 688
583 689
583 699
583 702
583 715
583 719
583 720
583 721
583 722
583 723
583 724
583 725
583 729
583 731
583 737
583 740
583 742
583 744
583 746
583 749
583 850
583 856
583 863
583 864
583 866
583 868
583 873
583 880
583 883
583 887
583 888
583 889
583 890
583 976
583 1010
583 1012
583 1013
583 1031
583 1034
583 1035
583 1042
583 1045
583 1046
583 1048
583 1050
583 1071
583 1072
584 84
584 85
584 86
584 87
584 88
584 89
584 90
584 91
584 92
584 93
584 97
584 99
584 100
584 101
584 104
584 105
584 106
584 107
584 111
584 114
584 115
584 116
584 117
584 118
584 119
584 120
584 123
584 127
584 129
584 132
584 140
584 141
584 144
584 145
584 148
584 149
584 156
584 172
584 173
584 174
584 179
584 186
584 187
584 189
584 208
584 210
584 224
584 225
584 226
584 229
584 239
584 243
584 244
584 245
584 248
584 263
584 265
584 268
584 270
584 280
584 290
584 293
584 295
584 296
584 297
584 298
584 299
584 300
584 301
584 302
584 303
584 304
584 305
584 306
584 307
584 312
584 316
584 317
584 366
584 381
584 420
584 425
584 488
584 531
584 552
584 553
584 556
584 558
584 572
584 573
584 574
584 575
584 576
584 581
584 654
584 699
584 702
584 715
584 729
584 731
584 737
584 740
584 742
584 744
584 746
584 749
584 850
584 856
584 864
584 866
584 867
584 868
584 873
584 878
584 880
584 883
584 977
584 1009
584 1013
584 1014
584 1031
584 1032
584 1037
584 1046
584 1048
584 1049
584 1050
584 1076
585 48
585 50
585 51
585 94
585 97
585 98
585 102
585 103
585 109
585 110
585 127
585 128
585 142
585 143
585 147
585 148
585 171
585 179
585 180
585 181
585 182
585 183
585 186
585 208
585 213
585 214
585 226
585 229
585 231
585 232
585 238
585 245
585 247
585 248
585 262
585 265
585 268
585 270
585 274
585 276
585 280
585 290
585 293
585 295
585 306
585 308
585 309
585 310
585 312
585 316
585 356
585 357
585 358
585 366
585 381
585 420
585 425
585 488
585 531
585 553
585 554
585 556
585 558
585 572
585 576
585 577
585 581
585 699
585 702
585 715
585 716
585 724
585 725
585 729
585 731
585 737
585 740
585 742
585 744
585 746
585 749
585 850
585 856
585 868
585 873
585 878
585 880
585 883
585 1009
585 1013
585 1035
585 1036
585 1041
585 1042
585 1043
585 1048
585 1051
585 1075
585 1076
586 37
586 38
586 39
586 40
586 41
586 42
586 43
586 44
586 45
586 46
586 47
586 49
586 52
586 91
586 92
586 95
586 97
586 107
586 108
586 111
586 112
586 113
586 114
586 115
586 116
586 117
586 118
586 138
586 139
586 142
586 145
586 146
586 149
586 170
586 175
586 176
586 177
586 184
586 185
586 208
586 212
586 213
586 223
586 224
586 226
586 229
586 230
586 231
586 232
586 238
586 242
586 244
586 247
586 250
586 253
586 254
586 255
586 256
586 262
586 264
586 270
586 272
586 273
586 274
586 276
586 280
586 282
586 283
586 284
586 290
586 293
586 295
586 296
586 297
586 298
586 300
586 301
586 303
586 304
586 305
586 306
586 308
586 311
586 313
586 314
586 315
586 316
586 359
586 361
586 366
586 367
586 368
586 369
586 370
586 380
586 381
586 420
586 425
586 487
586 488
586 531
586 554
586 556
586 558
586 572
586 578
586 581
586 699
586 702
586 715
586 717
586 718
586 719
586 720
586 721
586 722
586 723
586 729
586 731
586 737
586 740
586 744
586 746
586 749
586 850
586 856
586 868
586 873
586 878
586 880
586 883
586 1011
586 1012
586 1013
586 1022
586 1023
586 1031
586 1032
586 1033
586 1034
586 1037
586 1038
586 1039
586 1040
586 1047
586 1052
586 1057
587 37
587 49
587 52
587 53
587 91
587 96
587 97
587 103
587 104
587 105
587 106
587 140
587 141
587 144
587 145
587 149
587 150
587 162
587 163
587 164
587 165
587 169
587 170
587 171
587 178
587 179
587 180
587 212
587 226
587 232
587 238
587 240
587 241
587 242
587 243
587 244
587 247
587 248
587 251
587 252
587 254
587 256
587 274
587 275
587 276
587 281
587 285
587 286
587 287
587 288
587 290
587 291
587 292
587 293
587 299
587 306
587 307
587 327
587 328
587 329
587 330
587 331
587 359
587 361
587 380
587 420
587 425
587 486
587 487
587 531
587 555
587 558
587 562
587 570
587 572
587 577
587 581
587 699
587 702
587 715
587 729
587 731
587 737
587 741
587 746
587 749
587 850
587 856
587 868
587 873
587 878
587 880
587 883
587 1010
587 1023
588 37
588 49
588 53
588 58
588 59
588 60
588 61
588 62
588 91
588 92
588 93
588 94
588 102
588 103
588 107
588 112
588 139
588 140
588 143
588 144
588 146
588 149
588 165
588 169
588 172
588 179
588 182
588 183
588 184
588 207
588 208
588 212
588 213
588 226
588 232
588 235
588 238
588 239
588 240
588 248
588 251
588 254
588 256
588 290
588 293
588 300
588 303
588 304
588 307
588 309
588 310
588 311
588 312
588 313
588 314
588 315
588 316
588 317
588 322
588 323
588 325
588 326
588 333
588 334
588 359
588 361
588 373
588 375
588 380
588 381
588 420
588 422
588 425
588 473
588 474
588 475
588 476
588 482
588 483
588 484
588 485
588 486
588 528
588 530
588 531
588 555
588 558
588 562
588 569
588 570
588 573
588 575
588 577
588 581
588 699
588 702
588 715
588 716
588 717
588 718
588 719
588 720
588 729
588 731
588 735
588 737
588 741
588 746
588 749
588 850
588 856
588 868
588 873
588 878
588 880
588 883
589 57
589 58
589 81
589 97
589 101
589 102
589 106
589 107
589 113
589 114
589 115
589 116
589 138
589 139
589 142
589 143
589 146
589 147
589 148
589 149
589 153
589 164
589 169
589 170
589 179
589 180
589 181
589 191
589 214
589 215
589 216
589 226
589 227
589 228
589 233
589 235
589 236
589 237
589 242
589 251
589 254
589 256
589 279
589 280
589 281
589 283
589 284
589 285
589 286
589 287
589 288
589 290
589 297
589 300
589 304
589 305
589 306
589 307
589 318
589 319
589 322
589 325
589 328
589 329
589 330
589 331
589 332
589 333
589 359
589 360
589 361
589 362
589 366
589 367
589 372
589 373
589 374
589 375
589 376
589 381
589 382
589 420
589 422
589 425
589 477
589 480
589 481
589 527
589 529
589 532
589 556
589 558
589 562
589 568
589 569
589 573
589 574
589 577
589 581
589 699
589 702
589 715
589 729
589 731
589 737
589 741
589 746
589 749
589 850
589 856
589 868
589 873
589 878
589 880
589 883
590 56
590 57
590 60
590 61
590 62
590 80
590 86
590 88
590 94
590 95
590 96
590 99
590 100
590 101
590 116
590 137
590 141
590 142
590 148
590 153
590 163
590 169
590 170
590 171
590 173
590 178
590 179
590 191
590 202
590 205
590 206
590 208
590 209
590 216
590 217
590 218
590 219
590 221
590 222
590 223
590 224
590 225
590 229
590 230
590 231
590 233
590 236
590 241
590 243
590 244
590 245
590 246
590 251
590 253
590 255
590 276
590 279
590 281
590 282
590 285
590 288
590 291
590 293
590 294
590 298
590 300
590 312
590 313
590 314
590 315
590 316
590 319
590 322
590 325
590 326
590 327
590 368
590 369
590 370
590 372
590 376
590 377
590 382
590 420
590 422
590 425
590 478
590 479
590 480
590 532
590 556
590 558
590 562
590 568
590 574
590 575
590 576
590 577
590 581
590 699
590 702
590 715
590 729
590 731
590 736
590 737
590 741
590 746
590 749
591 54
591 55
591 56
591 59
591 80
591 81
591 82
591 83
591 84
591 85
591 87
591 89
591 90
591 91
591 92
591 93
591 97
591 98
591 99
591 112
591 113
591 116
591 122
591 135
591 136
591 139
591 140
591 145
591 153
591 155
591 163
591 169
591 174
591 178
591 191
591 202
591 207
591 214
591 215
591 221
591 231
591 234
591 246
591 253
591 274
591 275
591 276
591 279
591 281
591 285
591 290
591 293
591 294
591 295
591 297
591 298
591 300
591 319
591 322
591 330
591 334
591 335
591 336
591 337
591 371
591 372
591 374
591 378
591 382
591 420
591 422
591 425
591 472
591 473
591 474
591 475
591 476
591 477
591 478
591 480
591 481
591 482
591 483
591 484
591 485
591 486
591 487
591 514
591 515
591 516
591 517
591 518
591 519
591 520
591 528
591 529
591 532
591 556
591 558
591 568
591 569
591 573
591 576
591 577
591 581
591 699
591 702
591 715
591 716
591 729
591 731
591 736
591 737
591 741
591 746
591 749
592 54
592 57
592 58
592 95
592 96
592 97
592 113
592 116
592 122
592 134
592 135
592 138
592 139
592 144
592 146
592 153
592 155
592 163
592 172
592 173
592 174
592 178
592 191
592 192
592 200
592 201
592 214
592 216
592 218
592 232
592 234
592 236
592 244
592 247
592 248
592 249
592 274
592 276
592 278
592 279
592 280
592 281
592 282
592 285
592 287
592 288
592 291
592 297
592 300
592 312
592 314
592 315
592 316
592 317
592 318
592 319
592 320
592 321
592 322
592 324
592 327
592 328
592 329
592 330
592 331
592 333
592 334
592 341
592 371
592 374
592 378
592 383
592 420
592 422
592 425
592 487
592 514
592 521
592 522
592 523
592 524
592 525
592 526
592 527
592 531
592 556
592 558
592 570
592 571
592 572
592 573
592 574
592 575
592 577
592 578
592 579
592 581
592 699
592 702
592 716
592 741
592 1111
593 54
593 58
593 89
593 94
593 98
593 100
593 113
593 116
593 122
593 133
593 134
593 137
593 138
593 143
593 146
593 147
593 153
593 155
593 163
593 192
593 194
593 195
593 196
593 199
593 200
593 202
593 206
593 209
593 217
593 221
593 231
593 232
593 234
593 235
593 236
593 240
593 244
593 247
593 250
593 253
593 254
593 255
593 278
593 282
593 283
593 289
593 296
593 297
593 300
593 309
593 310
593 311
593 314
593 316
593 319
593 324
593 328
593 330
593 332
593 337
593 338
593 339
593 340
593 363
593 372
593 375
593 378
593 383
593 420
593 422
593 425
593 487
593 514
593 529
593 530
593 531
593 556
593 558
593 559
593 568
593 572
593 575
593 581
594 51
594 53
594 58
594 59
594 60
594 88
594 89
594 94
594 98
594 99
594 100
594 113
594 116
594 117
594 118
594 119
594 121
594 132
594 133
594 136
594 137
594 144
594 147
594 153
594 155
594 156
594 157
594 158
594 173
594 174
594 192
594 194
594 196
594 197
594 198
594 199
594 206
594 207
594 209
594 217
594 218
594 219
594 220
594 221
594 223
594 232
594 239
594 240
594 243
594 246
594 250
594 251
594 253
594 267
594 279
594 280
594 281
594 289
594 290
594 291
594 292
594 295
594 296
594 300
594 313
594 314
594 315
594 316
594 317
594 324
594 325
594 326
594 327
594 329
594 330
594 337
594 362
594 363
594 364
594 372
594 375
594 378
594 383
594 420
594 422
594 425
594 487
594 514
594 515
594 529
594 556
594 559
594 563
594 564
594 568
594 569
594 571
594 573
594 575
594 579
594 581
595 52
595 53
595 60
595 61
595 85
595 86
595 87
595 91
595 92
595 94
595 113
595 120
595 122
595 126
595 130
595 131
595 132
595 135
595 136
595 145
595 147
595 153
595 159
595 175
595 176
595 191
595 193
595 207
595 209
595 211
595 219
595 221
595 223
595 232
595 233
595 234
595 235
595 236
595 237
595 238
595 245
595 251
595 254
595 255
595 256
595 257
595 267
595 293
595 295
595 302
595 317
595 318
595 320
595 321
595 326
595 337
595 347
595 362
595 364
595 365
595 366
595 372
595 375
595 378
595 383
595 420
595 422
595 425
595 476
595 488
595 489
595 529
595 550
595 551
595 552
596 29
596 54
596 61
596 64
596 65
596 83
596 84
596 89
596 90
596 95
596 96
596 97
596 115
596 123
596 127
596 128
596 129
596 134
596 145
596 146
596 147
596 153
596 154
596 172
596 173
596 174
596 175
596 177
596 190
596 191
596 193
596 199
596 200
596 201
596 202
596 203
596 204
596 205
596 206
596 207
596 210
596 211
596 218
596 222
596 224
596 230
596 232
596 246
596 250
596 253
596 258
596 259
596 266
596 267
596 268
596 269
596 276
596 277
596 279
596 280
596 281
596 284
596 285
596 294
596 298
596 301
596 302
596 303
596 318
596 319
596 321
596 323
596 324
596 326
596 337
596 338
596 347
596 366
596 373
596 375
596 378
596 383
596 418
596 419
596 420
596 422
596 425
596 472
596 473
596 474
596 475
596 476
596 477
596 478
596 479
596 558
597 29
597 52
597 53
597 54
597 55
597 63
597 64
597 81
597 82
597 86
597 87
597 88
597 89
597 94
597 115
597 116
597 117
597 118
597 120
597 121
597 124
597 127
597 132
597 133
597 135
597 148
597 149
597 150
597 151
597 152
597 155
597 156
597 157
597 158
597 159
597 160
597 172
597 173
597 175
597 196
597 197
597 198
597 210
597 219
597 220
597 222
597 231
597 232
597 248
597 249
597 276
597 278
597 279
597 282
597 286
597 291
597 292
597 297
597 300
597 303
597 310
597 311
597 312
597 319
597 320
597 325
597 328
597 334
597 335
597 338
597 339
597 341
597 342
597 343
597 347
597 348
597 349
597 351
597 373
597 375
597 379
597 382
597 383
597 420
597 422
597 425
598 29
598 55
598 56
598 57
598 58
598 59
598 60
598 61
598 62
598 63
598 79
598 80
598 81
598 84
598 85
598 86
598 94
598 114
598 119
598 121
598 122
598 123
598 124
598 126
598 127
598 130
598 131
598 132
598 135
598 136
598 137
598 138
598 139
598 140
598 141
598 142
598 143
598 160
598 175
598 188
598 189
598 190
598 195
598 196
598 202
598 203
598 206
598 210
598 223
598 225
598 229
598 241
598 242
598 243
598 248
598 262
598 263
598 275
598 276
598 279
598 280
598 283
598 284
598 287
598 293
598 294
598 297
598 301
598 303
598 307
598 308
598 309
598 312
598 313
598 314
598 315
598 317
598 318
598 321
598 323
598 324
598 325
598 327
598 334
598 336
598 338
598 340
598 341
598 343
598 350
598 351
598 353
598 354
598 355
598 371
598 372
598 375
598 381
598 716
599 29
599 78
599 79
599 83
599 84
599 94
599 109
599 110
599 113
599 125
599 126
599 129
599 130
599 161
599 174
599 175
599 190
599 195
599 198
599 202
599 206
599 210
599 223
599 225
599 228
599 241
599 244
599 245
599 256
599 257
599 263
599 271
599 272
599 273
599 274
599 275
599 277
599 280
599 281
599 284
599 287
599 289
599 290
599 291
599 295
599 297
599 298
599 299
599 300
599 302
599 304
599 305
599 306
599 310
599 313
599 319
599 322
600 29
600 77
600 82
600 83
600 95
600 96
600 109
600 110
600 111
600 124
600 125
600 128
600 131
600 175
600 188
600 190
600 198
600 199
600 200
600 202
600 206
600 208
600 210
600 219
600 220
600 221
600 222
600 223
600 224
600 225
600 226
600 227
600 228
600 241
600 245
600 255
600 257
600 259
600 260
600 263
600 348
600 699
601 29
601 74
601 75
601 80
601 81
601 82
601 95
601 96
601 111
601 112
601 122
601 123
601 127
601 129
601 131
601 188
601 189
601 190
601 200
601 202
601 205
601 206
601 207
601 699
602 29
602 72
602 73
602 74
602 75
602 78
602 79
602 95
602 113
602 114
602 115
602 116
602 117
602 118
602 120
602 121
602 125
602 126
602 129
602 130
602 131
602 211
603 29
603 56
603 57
603 70
603 71
603 76
603 77
603 78
603 95
604 28
604 29
604 286
605 193
605 315
606 749
607 514
607 1095
608 917
608 935
609 972
609 1085
610 354
610 431
610 937
612 343
613 286
614 261
614 410
614 469
615 180
615 593
616 425
616 906
618 204
619 93
619 146
619 824
620 269
621 258
621 719
622 258
622 379
622 490
622 962
622 965
623 282
624 317
624 600
624 923
625 27
625 845
626 198
626 716
626 724
627 881
628 531
630 360
630 1108
631 314
632 108
632 404
633 397
635 334
635 355
635 537
636 570
638 226
638 574
641 130
644 243
646 9
646 1096
646 1180
647 186
649 157
654 26
655 661
662 160
667 983
685 877
691 975
708 1129
709 1109
712 1029
713 991
721 1163
722 940
723 930
723 1145
728 1166
734 881
734 999
736 946
737 680
737 1133
738 998
738 1107
738 1174
741 676
742 685
744 877
744 1159
745 688
746 518
747 505
747 997
757 998
761 853
764 1000
769 620
774 959
776 933
779 751
781 937
783 635
784 76
787 1018
789 635
