118 670
124 671
129 596
156 460
156 721
158 440
161 728
172 743
173 680
173 695
179 340
181 689
183 697
186 354
189 683
190 724
193 695
200 702
214 666
215 672
217 786
218 664
219 669
219 696
225 653
230 672
232 398
233 702
235 1168
236 666
238 795
248 1148
251 1144
252 644
252 1172
254 793
255 789
255 1076
256 635
258 1183
263 590
264 1087
265 641
268 626
268 786
269 795
269 1197
271 1097
272 810
274 639
277 975
277 1035
278 748
279 821
280 1091
281 322
283 200
283 1149
284 577
285 689
285 1152
287 1156
288 675
288 724
289 654
292 556
292 622
292 786
294 640
294 724
294 1190
295 786
296 619
296 807
299 1105
300 617
300 1035
300 1065
300 1066
300 1089
301 747
302 608
302 810
303 693
303 754
303 1140
307 181
309 934
310 746
310 754
313 611
313 631
314 998
314 1000
317 21
317 1157
318 622
318 792
318 940
318 993
318 1118
318 1123
319 604
319 1022
319 1128
321 673
325 973
326 792
328 99
328 677
328 740
329 1093
333 246
333 543
333 1187
334 7
334 8
334 9
334 15
334 16
334 20
334 21
334 22
335 9
335 10
335 11
335 17
335 22
335 23
335 24
335 40
335 41
335 42
335 43
335 44
335 46
335 47
335 48
335 49
335 50
335 51
335 56
335 71
335 78
335 79
336 11
336 12
336 13
336 14
336 15
336 25
336 26
336 27
336 52
336 53
336 54
336 55
336 81
336 82
336 83
336 84
336 85
336 86
336 87
336 88
336 89
336 95
336 97
336 104
336 105
336 106
336 107
336 108
336 109
336 110
336 111
336 113
336 114
336 115
336 116
336 117
336 121
336 124
336 125
336 126
336 127
336 1092
336 1189
337 7
337 90
337 91
337 92
337 93
337 94
337 95
337 97
337 98
337 99
337 100
337 101
337 102
337 103
337 112
337 118
337 119
337 122
337 128
337 129
337 130
337 131
337 186
337 187
337 191
338 7
338 8
338 75
338 76
338 77
338 78
338 79
338 80
338 81
338 94
338 104
338 105
338 106
338 107
338 108
338 109
338 123
338 132
338 187
338 192
338 193
338 194
338 195
338 201
338 215
338 216
338 217
338 218
338 219
338 220
338 221
338 239
338 376
339 8
339 70
339 71
339 72
339 73
339 81
339 82
339 83
339 84
339 85
339 98
339 109
339 110
339 129
339 130
339 133
339 164
339 165
339 169
339 187
339 188
339 191
339 196
339 197
339 198
339 200
339 201
339 202
339 203
339 204
339 205
339 207
339 208
339 209
339 210
339 211
339 212
339 213
339 214
339 237
339 238
339 240
339 241
339 242
339 243
339 244
339 245
339 246
339 247
339 248
339 249
339 250
339 251
339 746
340 8
340 45
340 73
340 74
340 75
340 86
340 87
340 88
340 98
340 99
340 110
340 111
340 130
340 133
340 142
340 166
340 168
340 169
340 186
340 188
340 189
340 192
340 199
340 206
340 251
340 336
340 337
340 339
340 557
340 1056
341 8
341 9
341 38
341 39
341 46
341 47
341 48
341 79
341 80
341 81
341 82
341 83
341 88
341 89
341 90
341 91
341 92
341 99
341 100
341 101
341 111
341 112
341 113
341 130
341 131
341 134
341 135
341 136
341 137
341 141
341 142
341 169
341 170
341 171
341 189
341 190
341 192
341 193
341 252
341 253
341 339
341 375
341 376
341 377
341 378
341 416
341 417
341 418
341 1037
342 10
342 39
342 40
342 49
342 50
342 51
342 83
342 84
342 85
342 86
342 87
342 102
342 103
342 104
342 105
342 106
342 107
342 108
342 131
342 132
342 137
342 138
342 142
342 143
342 144
342 165
342 166
342 167
342 168
342 173
342 174
342 183
342 184
342 185
342 190
342 193
342 205
342 206
342 207
342 213
342 253
342 254
342 336
342 337
342 338
342 339
342 340
342 412
342 413
342 414
342 415
342 416
342 420
342 421
342 422
342 423
342 473
342 474
342 475
342 476
342 477
342 478
342 479
343 11
343 12
343 14
343 15
343 41
343 42
343 51
343 52
343 88
343 89
343 90
343 91
343 92
343 109
343 110
343 131
343 144
343 145
343 169
343 170
343 171
343 175
343 176
343 177
343 178
343 179
343 183
343 185
343 186
343 187
343 188
343 191
343 193
343 194
343 195
343 208
343 209
343 210
343 214
343 255
343 417
343 418
343 419
343 420
343 523
343 524
343 525
343 526
343 527
343 528
343 532
343 533
343 534
343 535
343 1047
344 12
344 13
344 27
344 28
344 42
344 43
344 44
344 45
344 52
344 93
344 94
344 95
344 128
344 129
344 130
344 131
344 132
344 133
344 135
344 136
344 137
344 138
344 139
344 140
344 141
344 142
344 172
344 173
344 183
344 189
344 190
344 191
344 195
344 196
344 210
344 211
344 215
344 216
344 220
344 221
344 222
344 223
344 224
344 225
344 226
344 256
344 388
344 389
344 390
344 391
344 392
344 393
344 394
344 395
344 396
344 397
344 398
344 414
344 415
344 416
344 557
344 558
344 571
344 572
344 573
344 580
344 582
344 586
344 796
345 13
345 14
345 24
345 25
345 29
345 30
345 31
345 46
345 47
345 48
345 49
345 50
345 51
345 53
345 85
345 86
345 87
345 88
345 89
345 90
345 91
345 92
345 93
345 115
345 116
345 117
345 118
345 143
345 144
345 169
345 174
345 175
345 176
345 177
345 178
345 179
345 180
345 181
345 182
345 183
345 184
345 192
345 196
345 197
345 198
345 199
345 200
345 201
345 202
345 203
345 204
345 207
345 212
345 213
345 216
345 224
345 227
345 228
345 316
345 317
345 418
345 419
345 420
345 421
345 422
345 423
345 424
345 425
345 426
345 553
345 554
345 555
345 556
345 557
345 570
345 571
345 574
345 576
345 580
345 582
345 586
345 599
345 606
345 608
345 610
345 611
345 612
345 616
345 623
345 624
345 625
345 626
345 627
345 628
345 629
345 630
345 631
345 632
345 633
345 634
345 635
345 636
345 637
345 641
345 647
346 14
346 15
346 26
346 27
346 28
346 32
346 33
346 34
346 35
346 53
346 94
346 118
346 132
346 133
346 134
346 135
346 136
346 137
346 138
346 145
346 170
346 171
346 172
346 184
346 190
346 191
346 192
346 194
346 195
346 205
346 206
346 208
346 209
346 210
346 217
346 220
346 254
346 255
346 256
346 257
346 258
346 315
346 317
346 318
346 319
346 320
346 321
346 322
346 323
346 391
346 392
346 393
346 394
346 395
346 396
346 415
346 416
346 417
346 420
346 552
346 570
346 573
346 576
346 580
346 582
346 586
346 599
346 606
346 608
346 610
346 612
346 616
346 638
346 639
346 640
346 641
346 647
346 648
346 654
346 695
346 699
346 702
346 718
346 1016
346 1046
346 1053
346 1195
347 15
347 28
347 29
347 53
347 118
347 139
347 140
347 141
347 142
347 143
347 172
347 173
347 174
347 190
347 192
347 193
347 211
347 212
347 217
347 218
347 219
347 256
347 259
347 260
347 323
347 324
347 400
347 401
347 402
347 403
347 404
347 405
347 406
347 407
347 408
347 409
347 414
347 415
347 421
347 555
347 556
347 569
347 570
347 571
347 573
347 575
347 579
347 580
347 582
347 586
347 599
347 606
347 608
347 612
347 616
347 634
347 636
347 641
347 648
347 654
347 696
347 699
347 702
347 713
347 718
347 722
347 739
347 742
347 746
348 15
348 26
348 30
348 117
348 118
348 119
348 160
348 161
348 162
348 163
348 164
348 193
348 260
348 261
348 262
348 263
348 264
348 266
348 325
348 326
348 327
348 328
348 329
348 330
348 331
348 334
348 335
348 336
348 341
348 343
348 355
348 358
348 359
348 360
348 362
348 363
348 364
348 365
348 366
348 367
348 368
348 369
348 370
348 371
348 402
348 409
348 410
348 412
348 413
348 414
348 420
348 492
348 494
348 550
348 551
348 552
348 553
348 554
348 559
348 560
348 561
348 562
348 563
348 564
348 565
348 566
348 570
348 571
348 575
348 578
348 579
348 582
348 586
348 599
348 606
348 607
348 609
348 615
348 616
348 625
348 626
348 627
348 632
348 633
348 634
348 636
348 641
348 648
348 654
348 655
348 696
348 699
348 702
348 713
348 718
348 722
348 739
348 742
348 746
348 790
348 792
348 797
348 1055
348 1099
349 15
349 16
349 27
349 28
349 30
349 104
349 105
349 106
349 107
349 108
349 109
349 110
349 111
349 112
349 113
349 119
349 167
349 168
349 193
349 194
349 265
349 267
349 268
349 269
349 270
349 271
349 272
349 273
349 275
349 331
349 332
349 337
349 338
349 339
349 340
349 342
349 343
349 344
349 345
349 346
349 347
349 348
349 353
349 354
349 361
349 372
349 400
349 401
349 410
349 411
349 420
349 486
349 487
349 488
349 489
349 490
349 491
349 493
349 535
349 543
349 544
349 545
349 546
349 547
349 548
349 549
349 565
349 571
349 572
349 574
349 577
349 578
349 582
349 586
349 599
349 607
349 609
349 610
349 615
349 623
349 624
349 628
349 629
349 630
349 631
349 632
349 637
349 641
349 655
349 656
349 696
349 699
349 701
349 718
349 722
349 739
349 742
349 746
349 790
349 792
349 797
349 832
349 835
349 851
349 855
349 856
349 1141
350 16
350 17
350 28
350 29
350 114
350 115
350 116
350 117
350 118
350 119
350 120
350 121
350 122
350 123
350 124
350 125
350 126
350 127
350 128
350 145
350 146
350 147
350 160
350 161
350 162
350 163
350 164
350 165
350 166
350 195
350 238
350 274
350 275
350 276
350 277
350 278
350 279
350 280
350 281
350 282
350 283
350 332
350 349
350 350
350 351
350 352
350 355
350 373
350 402
350 403
350 419
350 420
350 422
350 423
350 429
350 430
350 479
350 480
350 481
350 482
350 483
350 484
350 485
350 505
350 506
350 507
350 516
350 517
350 518
350 519
350 520
350 521
350 522
350 531
350 532
350 533
350 534
350 536
350 537
350 538
350 539
350 540
350 541
350 542
350 565
350 568
350 570
350 571
350 576
350 583
350 586
350 599
350 607
350 610
350 611
350 614
350 615
350 623
350 637
350 641
350 655
350 696
350 699
350 701
350 718
350 721
350 739
350 743
350 746
350 790
350 792
350 797
350 833
350 835
350 851
350 856
350 901
350 904
350 905
350 910
350 926
350 927
350 928
351 17
351 18
351 29
351 107
351 119
351 120
351 129
351 130
351 131
351 148
351 167
351 168
351 205
351 206
351 221
351 223
351 234
351 235
351 236
351 237
351 240
351 265
351 283
351 284
351 361
351 362
351 373
351 374
351 403
351 404
351 409
351 410
351 411
351 412
351 413
351 414
351 415
351 416
351 417
351 418
351 419
351 421
351 427
351 428
351 498
351 499
351 500
351 501
351 502
351 503
351 504
351 505
351 543
351 544
351 545
351 546
351 547
351 548
351 549
351 550
351 551
351 565
351 569
351 570
351 572
351 575
351 576
351 583
351 586
351 599
351 608
351 611
351 612
351 637
351 641
351 655
351 696
351 699
351 701
351 718
351 721
351 739
351 743
351 745
351 788
351 790
351 792
351 796
351 833
351 834
351 851
351 852
351 856
351 857
351 901
351 907
351 908
351 909
351 910
351 925
351 932
351 933
351 934
351 945
351 955
351 956
351 957
351 959
351 964
351 965
351 966
351 970
351 971
351 973
351 974
351 977
351 979
351 980
351 986
351 987
351 990
351 993
352 18
352 19
352 27
352 28
352 107
352 108
352 119
352 123
352 124
352 131
352 149
352 152
352 207
352 208
352 209
352 210
352 221
352 223
352 224
352 225
352 237
352 238
352 239
352 241
352 264
352 266
352 267
352 283
352 362
352 363
352 374
352 375
352 376
352 377
352 404
352 405
352 409
352 424
352 425
352 426
352 497
352 498
352 539
352 540
352 541
352 542
352 551
352 565
352 574
352 575
352 583
352 586
352 599
352 608
352 612
352 637
352 641
352 655
352 696
352 699
352 701
352 718
352 721
352 739
352 743
352 746
352 789
352 792
352 797
352 834
352 836
352 841
352 842
352 852
352 857
352 858
352 901
352 902
352 905
352 925
352 931
352 934
352 944
352 945
352 946
352 957
352 962
352 963
352 964
352 968
352 969
352 970
352 973
352 976
352 978
352 979
352 981
352 984
352 990
352 994
352 996
352 997
352 998
352 1003
352 1004
352 1008
352 1010
352 1011
352 1012
352 1015
352 1016
352 1025
352 1027
352 1031
352 1032
352 1033
352 1036
352 1037
352 1041
352 1045
352 1047
352 1048
352 1049
353 19
353 20
353 29
353 108
353 120
353 124
353 125
353 131
353 132
353 147
353 150
353 152
353 153
353 207
353 210
353 221
353 225
353 226
353 227
353 238
353 241
353 242
353 264
353 267
353 363
353 364
353 405
353 406
353 409
353 410
353 411
353 415
353 420
353 421
353 422
353 423
353 424
353 432
353 495
353 496
353 497
353 530
353 531
353 536
353 537
353 538
353 549
353 550
353 551
353 557
353 562
353 564
353 573
353 574
353 584
353 587
353 599
353 609
353 612
353 626
353 627
353 637
353 641
353 654
353 676
353 677
353 696
353 699
353 701
353 718
353 721
353 739
353 743
353 746
353 789
353 792
353 796
353 830
353 834
353 837
353 842
353 852
353 853
353 858
353 859
353 903
353 925
353 929
353 930
353 933
353 934
353 938
353 939
353 940
353 941
353 942
353 944
353 957
353 958
353 961
353 965
353 967
353 973
353 978
353 981
353 982
353 983
353 985
353 986
353 990
353 993
353 994
353 997
353 1001
353 1002
353 1007
353 1008
353 1009
353 1010
353 1014
353 1015
353 1018
353 1019
353 1020
353 1021
353 1025
353 1027
353 1030
353 1031
353 1037
353 1038
353 1039
353 1041
353 1046
353 1047
353 1049
353 1054
353 1056
353 1057
353 1058
353 1059
353 1060
353 1061
353 1062
353 1063
353 1065
353 1068
353 1069
353 1070
353 1138
354 20
354 21
354 108
354 109
354 110
354 120
354 121
354 125
354 126
354 132
354 148
354 150
354 154
354 158
354 159
354 160
354 161
354 210
354 211
354 212
354 213
354 214
354 215
354 216
354 217
354 218
354 221
354 222
354 227
354 239
354 241
354 265
354 268
354 271
354 364
354 365
354 373
354 376
354 377
354 406
354 409
354 412
354 413
354 414
354 420
354 427
354 428
354 429
354 430
354 431
354 527
354 528
354 529
354 540
354 541
354 542
354 543
354 544
354 545
354 546
354 547
354 548
354 554
354 555
354 556
354 557
354 558
354 559
354 561
354 563
354 569
354 570
354 571
354 572
354 573
354 584
354 585
354 587
354 588
354 599
354 609
354 610
354 612
354 627
354 635
354 636
354 637
354 641
354 654
354 677
354 678
354 679
354 680
354 681
354 682
354 683
354 684
354 685
354 691
354 696
354 699
354 701
354 718
354 721
354 739
354 743
354 746
354 789
354 792
354 796
354 830
354 831
354 834
354 837
354 838
354 842
354 843
354 853
354 854
354 855
354 859
354 902
354 903
354 904
354 925
354 926
354 932
354 935
354 936
354 937
354 938
354 942
354 944
354 945
354 946
354 960
354 961
354 966
354 969
354 970
354 973
354 977
354 978
354 986
354 989
354 991
354 993
354 995
354 998
354 999
354 1000
354 1002
354 1006
354 1007
354 1013
354 1014
354 1015
354 1017
354 1018
354 1021
354 1025
354 1026
354 1027
354 1033
354 1034
354 1035
354 1039
354 1040
354 1041
354 1049
354 1117
354 1120
354 1143
354 1144
354 1145
354 1149
354 1152
354 1153
354 1155
354 1156
355 21
355 26
355 27
355 111
355 112
355 113
355 114
355 115
355 116
355 117
355 118
355 120
355 126
355 127
355 132
355 133
355 134
355 149
355 155
355 156
355 157
355 162
355 163
355 164
355 205
355 206
355 207
355 208
355 209
355 222
355 223
355 227
355 234
355 235
355 236
355 238
355 249
355 265
355 268
355 269
355 270
355 365
355 366
355 367
355 368
355 369
355 370
355 371
355 372
355 374
355 375
355 406
355 407
355 408
355 409
355 410
355 411
355 415
355 416
355 417
355 418
355 419
355 420
355 424
355 425
355 426
355 427
355 515
355 516
355 517
355 518
355 519
355 520
355 521
355 522
355 523
355 524
355 525
355 526
355 553
355 554
355 560
355 561
355 569
355 588
355 589
355 598
355 599
355 609
355 613
355 615
355 627
355 634
355 635
355 639
355 640
355 641
355 654
355 685
355 686
355 691
355 692
355 695
355 699
355 701
355 712
355 718
355 721
355 739
355 743
355 746
355 789
355 792
355 797
355 829
355 831
355 832
355 835
355 838
355 843
355 855
355 856
355 859
355 900
355 901
355 902
355 920
355 921
355 922
355 923
355 925
355 927
355 934
355 938
355 940
355 941
355 942
355 943
355 961
355 962
355 963
355 967
355 970
355 972
355 973
355 976
355 977
355 986
355 987
355 988
355 989
355 993
355 997
355 1003
355 1004
355 1005
355 1009
355 1010
355 1015
355 1016
355 1017
355 1021
355 1026
355 1032
355 1037
355 1047
355 1048
355 1049
355 1051
355 1055
355 1056
355 1057
355 1058
355 1059
355 1060
355 1061
355 1062
355 1063
355 1064
355 1065
355 1066
355 1067
355 1068
355 1082
355 1083
355 1084
355 1085
355 1117
355 1118
355 1119
355 1120
355 1136
355 1137
355 1145
355 1148
355 1149
355 1151
355 1152
355 1155
355 1177
355 1178
355 1179
355 1182
355 1183
356 21
356 22
356 28
356 29
356 30
356 119
356 127
356 128
356 129
356 130
356 131
356 157
356 158
356 159
356 160
356 170
356 210
356 227
356 237
356 238
356 239
356 240
356 241
356 248
356 266
356 409
356 510
356 511
356 512
356 513
356 514
356 515
356 521
356 540
356 541
356 542
356 543
356 544
356 545
356 549
356 551
356 552
356 555
356 559
356 560
356 563
356 568
356 569
356 572
356 575
356 576
356 577
356 584
356 585
356 589
356 590
356 597
356 598
356 600
356 603
356 604
356 605
356 609
356 610
356 613
356 616
356 617
356 627
356 630
356 631
356 632
356 633
356 634
356 654
356 657
356 690
356 692
356 693
356 694
356 699
356 701
356 713
356 718
356 720
356 721
356 739
356 743
356 745
356 792
356 797
356 827
356 835
356 836
356 838
356 844
356 856
356 860
356 900
356 919
356 924
356 925
356 927
356 928
356 933
356 934
356 935
356 936
356 937
356 939
356 942
356 964
356 968
356 970
356 972
356 974
356 976
356 994
356 996
356 1003
356 1006
356 1007
356 1011
356 1012
356 1013
356 1020
356 1021
356 1027
356 1028
356 1029
356 1030
356 1031
356 1036
356 1037
356 1043
356 1044
356 1048
356 1051
356 1052
356 1053
356 1054
356 1067
356 1081
356 1084
356 1121
356 1136
356 1138
356 1139
356 1147
356 1148
356 1151
356 1154
356 1155
356 1177
356 1183
357 22
357 23
357 26
357 27
357 30
357 32
357 33
357 34
357 35
357 161
357 162
357 163
357 164
357 168
357 171
357 172
357 227
357 228
357 234
357 235
357 236
357 248
357 249
357 250
357 251
357 252
357 253
357 254
357 255
357 256
357 257
357 265
357 266
357 267
357 268
357 269
357 270
357 271
357 415
357 416
357 417
357 418
357 419
357 420
357 421
357 422
357 423
357 424
357 505
357 506
357 507
357 508
357 509
357 521
357 523
357 550
357 552
357 558
357 561
357 562
357 566
357 567
357 568
357 570
357 571
357 572
357 573
357 575
357 577
357 582
357 583
357 584
357 587
357 591
357 592
357 593
357 594
357 595
357 596
357 600
357 606
357 607
357 608
357 609
357 613
357 617
357 618
357 625
357 628
357 629
357 632
357 654
357 657
357 689
357 699
357 701
357 713
357 718
357 720
357 739
357 743
357 745
357 787
357 790
357 792
357 797
357 828
357 831
357 833
357 836
357 838
357 844
357 845
357 857
357 860
357 861
357 899
357 900
357 914
357 915
357 916
357 917
357 918
357 924
357 925
357 926
357 927
357 928
357 929
357 930
357 932
357 936
357 939
357 940
357 961
357 965
357 968
357 970
357 972
357 988
357 992
357 1002
357 1003
357 1006
357 1007
357 1008
357 1009
357 1010
357 1011
357 1013
357 1014
357 1015
357 1017
357 1020
357 1026
357 1027
357 1031
357 1033
357 1034
357 1035
357 1044
357 1046
357 1047
357 1067
357 1083
357 1086
357 1087
357 1088
357 1089
357 1119
357 1121
357 1136
357 1140
357 1141
357 1142
357 1144
357 1147
357 1150
357 1153
357 1154
357 1177
357 1178
357 1179
357 1183
357 1190
357 1191
357 1192
357 1193
357 1194
357 1195
357 1196
358 23
358 24
358 27
358 28
358 31
358 155
358 156
358 165
358 166
358 167
358 168
358 169
358 170
358 172
358 180
358 181
358 228
358 229
358 237
358 239
358 250
358 252
358 258
358 259
358 260
358 261
358 262
358 263
358 264
358 272
358 273
358 274
358 275
358 276
358 277
358 347
358 348
358 349
358 350
358 351
358 352
358 464
358 468
358 469
358 504
358 505
358 522
358 542
358 543
358 544
358 545
358 546
358 547
358 548
358 552
358 553
358 556
358 557
358 558
358 565
358 566
358 574
358 575
358 576
358 577
358 578
358 582
358 585
358 586
358 614
358 618
358 625
358 655
358 657
358 690
358 699
358 701
358 713
358 718
358 720
358 739
358 743
358 745
358 787
358 790
358 792
358 797
358 828
358 831
358 833
358 836
358 839
358 844
358 845
358 857
358 861
358 898
358 899
358 913
358 923
358 924
358 929
358 932
358 936
358 946
358 947
358 948
358 960
358 961
358 962
358 963
358 964
358 968
358 970
358 972
358 986
358 987
358 992
358 994
358 995
358 998
358 999
358 1002
358 1004
358 1005
358 1009
358 1013
358 1017
358 1020
358 1025
358 1026
358 1031
358 1037
358 1045
358 1046
358 1067
358 1079
358 1080
358 1084
358 1085
358 1087
358 1088
358 1090
358 1091
358 1092
358 1119
358 1120
358 1121
358 1136
358 1143
358 1147
358 1150
358 1153
358 1179
358 1182
358 1183
358 1189
358 1190
358 1196
359 25
359 28
359 29
359 31
359 32
359 33
359 34
359 156
359 157
359 170
359 171
359 173
359 178
359 179
359 181
359 182
359 229
359 237
359 240
359 242
359 252
359 264
359 265
359 266
359 348
359 352
359 353
359 354
359 464
359 466
359 467
359 468
359 504
359 507
359 508
359 509
359 510
359 540
359 541
359 548
359 549
359 552
359 555
359 556
359 558
359 565
359 581
359 586
359 612
359 614
359 615
359 618
359 619
359 625
359 654
359 657
359 701
359 713
359 718
359 721
359 739
359 743
359 745
359 788
359 790
359 792
359 796
359 828
359 833
359 836
359 837
359 845
359 858
359 861
359 898
359 903
359 914
359 923
359 928
359 929
359 931
359 932
359 933
359 935
359 936
359 945
359 946
359 948
359 958
359 959
359 961
359 964
359 968
359 970
359 972
359 985
359 988
359 989
359 992
359 996
359 998
359 1001
359 1002
359 1012
359 1016
359 1020
359 1024
359 1025
359 1028
359 1029
359 1030
359 1031
359 1036
359 1037
359 1038
359 1039
359 1055
359 1056
359 1067
359 1078
359 1079
359 1081
359 1082
359 1085
359 1088
359 1092
359 1136
359 1137
359 1146
359 1149
359 1150
359 1153
359 1181
359 1182
359 1188
359 1189
359 1194
359 1196
360 23
360 24
360 25
360 29
360 30
360 35
360 36
360 93
360 94
360 95
360 96
360 97
360 157
360 158
360 159
360 171
360 178
360 179
360 182
360 183
360 238
360 239
360 240
360 241
360 242
360 243
360 244
360 266
360 267
360 268
360 271
360 348
360 349
360 354
360 355
360 465
360 466
360 504
360 505
360 506
360 534
360 535
360 536
360 537
360 538
360 539
360 549
360 551
360 552
360 555
360 558
360 564
360 565
360 567
360 577
360 578
360 579
360 582
360 586
360 587
360 588
360 612
360 615
360 616
360 620
360 624
360 625
360 654
360 657
360 701
360 713
360 718
360 721
360 722
360 739
360 743
360 746
360 788
360 790
360 792
360 796
360 828
360 832
360 837
360 838
360 840
360 846
360 858
360 862
360 897
360 898
360 901
360 904
360 905
360 906
360 914
360 920
360 921
360 922
360 923
360 928
360 931
360 934
360 935
360 944
360 945
360 947
360 953
360 954
360 955
360 958
360 964
360 971
360 972
360 987
360 988
360 993
360 997
360 1000
360 1001
360 1011
360 1012
360 1015
360 1016
360 1019
360 1023
360 1024
360 1027
360 1034
360 1035
360 1039
360 1043
360 1044
360 1045
360 1047
360 1048
360 1049
360 1057
360 1058
360 1059
360 1060
360 1061
360 1062
360 1067
360 1068
360 1069
360 1070
360 1071
360 1072
360 1073
360 1074
360 1075
360 1078
360 1082
360 1091
360 1138
360 1139
360 1145
360 1146
360 1149
360 1153
360 1177
360 1180
360 1181
360 1186
360 1187
360 1188
360 1194
360 1197
361 30
361 31
361 32
361 33
361 38
361 98
361 99
361 100
361 101
361 160
361 161
361 163
361 171
361 172
361 179
361 180
361 238
361 239
361 244
361 262
361 263
361 264
361 268
361 269
361 270
361 349
361 355
361 356
361 467
361 468
361 469
361 527
361 528
361 529
361 530
361 531
361 532
361 533
361 541
361 542
361 543
361 549
361 550
361 551
361 554
361 557
361 558
361 564
361 568
361 569
361 570
361 571
361 572
361 582
361 589
361 590
361 591
361 592
361 593
361 594
361 612
361 613
361 616
361 617
361 618
361 621
361 622
361 623
361 624
361 654
361 658
361 701
361 713
361 718
361 722
361 739
361 743
361 745
361 788
361 790
361 792
361 796
361 829
361 830
361 832
361 835
361 838
361 840
361 842
361 846
361 847
361 858
361 859
361 861
361 862
361 895
361 896
361 897
361 900
361 901
361 902
361 903
361 908
361 909
361 910
361 911
361 913
361 914
361 915
361 916
361 917
361 918
361 919
361 922
361 925
361 926
361 927
361 928
361 931
361 933
361 934
361 943
361 947
361 953
361 955
361 956
361 958
361 960
361 961
361 964
361 965
361 971
361 993
361 994
361 995
361 996
361 999
361 1000
361 1015
361 1018
361 1022
361 1023
361 1028
361 1029
361 1030
361 1031
361 1032
361 1033
361 1037
361 1039
361 1040
361 1042
361 1043
361 1045
361 1049
361 1058
361 1062
361 1067
361 1079
361 1080
361 1083
361 1084
361 1085
361 1086
361 1087
361 1088
361 1089
361 1090
361 1139
361 1140
361 1141
361 1142
361 1143
361 1144
361 1145
361 1148
361 1149
361 1152
361 1167
361 1168
361 1177
361 1179
361 1180
361 1186
361 1193
361 1194
361 1195
361 1197
362 23
362 24
362 34
362 35
362 39
362 101
362 157
362 158
362 159
362 160
362 163
362 167
362 168
362 172
362 173
362 175
362 226
362 227
362 238
362 241
362 242
362 243
362 262
362 265
362 266
362 269
362 356
362 357
362 358
362 470
362 471
362 472
362 535
362 536
362 537
362 538
362 539
362 544
362 545
362 554
362 556
362 557
362 563
362 564
362 573
362 574
362 575
362 576
362 577
362 578
362 579
362 580
362 582
362 583
362 584
362 585
362 586
362 608
362 609
362 610
362 611
362 612
362 613
362 614
362 615
362 653
362 654
362 655
362 656
362 657
362 658
362 665
362 701
362 713
362 718
362 720
362 722
362 743
362 745
362 788
362 790
362 792
362 796
362 833
362 835
362 838
362 841
362 843
362 847
362 862
362 863
362 894
362 895
362 899
362 906
362 911
362 913
362 922
362 924
362 929
362 932
362 943
362 945
362 946
362 947
362 952
362 953
362 954
362 959
362 960
362 965
362 966
362 1015
362 1017
362 1018
362 1020
362 1021
362 1030
362 1032
362 1040
362 1042
362 1045
362 1050
362 1051
362 1052
362 1053
362 1054
362 1060
362 1061
362 1081
362 1090
362 1091
362 1092
362 1093
362 1094
362 1095
362 1096
362 1135
362 1136
362 1137
362 1138
362 1144
362 1148
362 1152
362 1166
362 1167
362 1174
362 1176
362 1177
362 1178
362 1179
362 1182
362 1183
362 1184
362 1185
362 1195
362 1196
362 1197
363 24
363 25
363 36
363 37
363 40
363 99
363 100
363 164
363 168
363 169
363 170
363 171
363 172
363 173
363 175
363 176
363 224
363 227
363 228
363 238
363 246
363 247
363 248
363 249
363 262
363 263
363 266
363 267
363 268
363 269
363 358
363 359
363 362
363 466
363 467
363 468
363 469
363 511
363 512
363 513
363 514
363 515
363 516
363 517
363 518
363 519
363 520
363 521
363 522
363 523
363 524
363 525
363 526
363 527
363 528
363 529
363 530
363 531
363 532
363 533
363 534
363 545
363 546
363 547
363 549
363 554
363 556
363 562
363 563
363 587
363 588
363 589
363 590
363 591
363 592
363 593
363 605
363 606
363 607
363 654
363 658
363 665
363 701
363 713
363 719
363 722
363 743
363 745
363 788
363 790
363 792
363 796
363 833
363 835
363 839
363 841
363 843
363 844
363 847
363 856
363 863
363 864
363 893
363 894
363 897
363 898
363 905
363 907
363 909
363 910
363 912
363 913
363 922
363 924
363 926
363 927
363 929
363 931
363 940
363 941
363 942
363 943
363 944
363 954
363 955
363 956
363 957
363 966
363 967
363 968
363 969
363 1015
363 1016
363 1017
363 1020
363 1024
363 1026
363 1028
363 1029
363 1030
363 1035
363 1036
363 1037
363 1039
363 1042
363 1044
363 1048
363 1049
363 1074
363 1075
363 1076
363 1077
363 1078
363 1080
363 1081
363 1082
363 1083
363 1084
363 1085
363 1086
363 1096
363 1135
363 1137
363 1140
363 1144
363 1147
363 1148
363 1152
363 1166
363 1171
363 1172
363 1173
363 1176
363 1182
363 1194
363 1197
364 25
364 26
364 37
364 38
364 41
364 50
364 51
364 52
364 165
364 166
364 167
364 172
364 173
364 176
364 177
364 224
364 225
364 228
364 230
364 231
364 232
364 241
364 242
364 245
364 250
364 251
364 263
364 264
364 360
364 361
364 363
364 364
364 365
364 507
364 508
364 509
364 510
364 548
364 549
364 551
364 553
364 557
364 560
364 561
364 562
364 594
364 595
364 596
364 597
364 598
364 599
364 600
364 612
364 613
364 654
364 658
364 664
364 665
364 701
364 713
364 718
364 721
364 722
364 743
364 745
364 788
364 790
364 792
364 796
364 834
364 836
364 839
364 841
364 844
364 848
364 856
364 857
364 864
364 893
364 896
364 900
364 902
364 904
364 905
364 907
364 909
364 912
364 921
364 923
364 925
364 930
364 954
364 969
364 970
364 971
364 992
364 993
364 994
364 1015
364 1019
364 1022
364 1023
364 1024
364 1025
364 1026
364 1027
364 1028
364 1031
364 1032
364 1033
364 1034
364 1039
364 1042
364 1044
364 1047
364 1048
364 1054
364 1070
364 1074
364 1078
364 1079
364 1080
364 1086
364 1087
364 1095
364 1096
364 1098
364 1134
364 1137
364 1138
364 1139
364 1141
364 1142
364 1143
364 1147
364 1152
364 1165
364 1166
364 1168
364 1171
364 1176
364 1179
364 1180
364 1181
364 1193
364 1194
365 26
365 27
365 38
365 39
365 41
365 52
365 53
365 54
365 117
365 118
365 130
365 131
365 132
365 143
365 167
365 174
365 198
365 226
365 229
365 233
365 243
365 244
365 247
365 360
365 365
365 366
365 367
365 504
365 505
365 547
365 548
365 549
365 551
365 553
365 557
365 558
365 559
365 560
365 601
365 602
365 603
365 604
365 605
365 654
365 658
365 665
365 701
365 713
365 718
365 723
365 743
365 745
365 788
365 790
365 792
365 796
365 834
365 836
365 839
365 841
365 842
365 844
365 848
365 849
365 858
365 865
365 892
365 895
365 898
365 899
365 903
365 904
365 907
365 912
365 921
365 923
365 925
365 928
365 929
365 954
365 971
365 972
365 973
365 974
365 975
365 992
365 994
365 1012
365 1013
365 1014
365 1015
365 1019
365 1020
365 1021
365 1036
365 1042
365 1044
365 1046
365 1047
365 1051
365 1052
365 1059
365 1060
365 1061
365 1062
365 1063
365 1073
365 1074
365 1078
365 1081
365 1082
365 1087
365 1088
365 1089
365 1093
365 1094
365 1095
365 1098
365 1134
365 1136
365 1137
365 1139
365 1143
365 1146
365 1148
365 1149
365 1152
365 1164
365 1165
365 1168
365 1170
365 1175
365 1178
365 1179
365 1192
365 1193
365 1194
365 1196
366 27
366 28
366 29
366 30
366 39
366 40
366 41
366 55
366 56
366 57
366 58
366 97
366 118
366 119
366 130
366 132
366 133
366 134
366 135
366 143
366 144
366 173
366 174
366 175
366 177
366 178
366 198
366 227
366 229
366 230
366 231
366 244
366 245
366 247
366 277
366 352
366 359
366 360
366 361
366 367
366 368
366 369
366 370
366 489
366 490
366 491
366 492
366 493
366 494
366 495
366 496
366 497
366 498
366 499
366 500
366 501
366 502
366 503
366 504
366 542
366 543
366 544
366 546
366 547
366 551
366 553
366 606
366 607
366 608
366 609
366 610
366 611
366 612
366 630
366 631
366 632
366 633
366 634
366 635
366 636
366 645
366 646
366 647
366 648
366 649
366 650
366 651
366 652
366 653
366 654
366 655
366 659
366 665
366 701
366 713
366 718
366 723
366 743
366 745
366 767
366 788
366 792
366 796
366 837
366 839
366 842
366 843
366 845
366 848
366 856
366 858
366 862
366 865
366 891
366 892
366 893
366 895
366 896
366 899
366 903
366 910
366 912
366 921
366 923
366 926
366 927
366 928
366 953
366 954
366 956
366 976
366 977
366 978
366 979
366 980
366 981
366 992
366 993
366 1008
366 1009
366 1010
366 1011
366 1012
366 1033
366 1034
366 1035
366 1037
366 1038
366 1041
366 1045
366 1051
366 1055
366 1056
366 1057
366 1058
366 1064
366 1065
366 1072
366 1073
366 1078
366 1083
366 1084
366 1085
366 1090
366 1091
366 1092
366 1096
366 1097
366 1098
366 1134
366 1137
366 1140
366 1142
366 1146
366 1152
366 1163
366 1164
366 1168
366 1170
366 1171
366 1174
366 1175
366 1177
366 1178
366 1192
366 1195
367 35
367 36
367 37
367 41
367 51
367 52
367 59
367 60
367 61
367 62
367 63
367 64
367 98
367 99
367 100
367 119
367 120
367 136
367 137
367 138
367 139
367 140
367 141
367 142
367 175
367 176
367 182
367 183
367 184
367 185
367 186
367 187
367 188
367 189
367 190
367 191
367 192
367 193
367 194
367 195
367 196
367 198
367 231
367 232
367 245
367 246
367 277
367 351
367 362
367 363
367 364
367 365
367 366
367 367
367 487
367 488
367 536
367 539
367 540
367 541
367 542
367 547
367 551
367 553
367 554
367 555
367 613
367 614
367 615
367 616
367 617
367 618
367 619
367 620
367 621
367 622
367 655
367 657
367 658
367 659
367 660
367 661
367 665
367 701
367 713
367 718
367 722
367 743
367 746
367 750
367 763
367 764
367 765
367 766
367 788
367 790
367 792
367 796
367 835
367 837
367 840
367 843
367 845
367 846
367 849
367 850
367 856
367 857
367 858
367 860
367 861
367 862
367 865
367 866
367 890
367 891
367 894
367 899
367 901
367 902
367 903
367 904
367 910
367 911
367 912
367 925
367 926
367 933
367 935
367 936
367 937
367 938
367 953
367 956
367 959
367 960
367 961
367 981
367 982
367 983
367 999
367 1000
367 1001
367 1002
367 1003
367 1004
367 1005
367 1006
367 1007
367 1037
367 1038
367 1040
367 1041
367 1044
367 1045
367 1050
367 1053
367 1065
367 1066
367 1072
367 1078
367 1079
367 1080
367 1085
367 1086
367 1095
367 1099
367 1121
367 1135
367 1137
367 1138
367 1142
367 1145
367 1146
367 1148
367 1152
367 1162
367 1163
367 1172
367 1173
367 1174
367 1192
367 1193
367 1198
367 1199
368 29
368 30
368 31
368 32
368 33
368 38
368 39
368 53
368 54
368 55
368 56
368 64
368 65
368 66
368 100
368 101
368 102
368 103
368 116
368 117
368 120
368 121
368 143
368 144
368 153
368 154
368 169
368 170
368 173
368 198
368 199
368 202
368 232
368 233
368 246
368 277
368 344
368 345
368 346
368 347
368 351
368 352
368 355
368 484
368 485
368 486
368 537
368 538
368 539
368 547
368 551
368 556
368 557
368 558
368 559
368 560
368 561
368 562
368 563
368 623
368 624
368 625
368 626
368 627
368 628
368 629
368 630
368 655
368 658
368 662
368 663
368 664
368 665
368 666
368 667
368 668
368 669
368 670
368 671
368 693
368 694
368 695
368 696
368 697
368 701
368 713
368 718
368 721
368 739
368 743
368 745
368 750
368 752
368 757
368 763
368 766
368 789
368 792
368 796
368 838
368 840
368 841
368 842
368 843
368 846
368 847
368 850
368 862
368 866
368 867
368 890
368 893
368 897
368 898
368 899
368 908
368 909
368 924
368 925
368 930
368 931
368 932
368 936
368 938
368 954
368 956
368 957
368 959
368 961
368 967
368 968
368 969
368 970
368 971
368 977
368 983
368 990
368 991
368 992
368 993
368 994
368 995
368 996
368 997
368 998
368 1035
368 1036
368 1037
368 1040
368 1042
368 1044
368 1050
368 1052
368 1066
368 1072
368 1086
368 1087
368 1088
368 1089
368 1090
368 1091
368 1092
368 1093
368 1097
368 1098
368 1099
368 1100
368 1118
368 1119
368 1121
368 1134
368 1135
368 1138
368 1139
368 1141
368 1144
368 1145
368 1149
368 1150
368 1152
368 1162
368 1171
368 1172
368 1195
368 1196
368 1197
369 29
369 34
369 35
369 36
369 39
369 40
369 41
369 57
369 58
369 59
369 66
369 67
369 118
369 119
369 152
369 155
369 170
369 171
369 174
369 195
369 196
369 199
369 200
369 201
369 202
369 203
369 204
369 205
369 206
369 233
369 236
369 237
369 238
369 239
369 247
369 277
369 278
369 344
369 347
369 352
369 353
369 354
369 355
369 380
369 381
369 386
369 387
369 388
369 389
369 390
369 391
369 396
369 399
369 487
369 488
369 489
369 490
369 491
369 492
369 547
369 551
369 564
369 565
369 566
369 567
369 568
369 569
369 570
369 571
369 572
369 573
369 574
369 631
369 632
369 633
369 634
369 635
369 636
369 637
369 638
369 651
369 652
369 653
369 654
369 655
369 656
369 658
369 672
369 673
369 674
369 675
369 676
369 677
369 679
369 697
369 698
369 701
369 713
369 718
369 721
369 739
369 743
369 746
369 750
369 752
369 753
369 755
369 757
369 763
369 765
369 789
369 792
369 796
369 836
369 839
369 840
369 844
369 847
369 851
369 862
369 863
369 867
369 868
369 890
369 891
369 892
369 896
369 897
369 903
369 904
369 922
369 923
369 928
369 929
369 930
369 934
369 954
369 956
369 962
369 963
369 964
369 969
369 971
369 972
369 977
369 978
369 979
369 983
369 988
369 989
369 1032
369 1037
369 1039
369 1044
369 1050
369 1051
369 1066
369 1072
369 1085
369 1093
369 1094
369 1097
369 1100
369 1117
369 1118
369 1121
369 1134
369 1140
369 1144
369 1152
369 1162
369 1164
369 1165
369 1170
369 1193
369 1194
369 1197
370 29
370 30
370 36
370 37
370 38
370 39
370 42
370 43
370 55
370 56
370 59
370 60
370 61
370 67
370 101
370 156
370 172
370 173
370 174
370 175
370 196
370 197
370 202
370 207
370 234
370 240
370 252
370 253
370 254
370 255
370 256
370 257
370 258
370 259
370 278
370 279
370 344
370 347
370 382
370 383
370 384
370 385
370 392
370 395
370 397
370 398
370 400
370 436
370 437
370 440
370 441
370 455
370 456
370 484
370 485
370 486
370 490
370 492
370 532
370 547
370 551
370 552
370 553
370 554
370 555
370 556
370 575
370 576
370 577
370 578
370 579
370 580
370 639
370 640
370 641
370 642
370 643
370 644
370 654
370 658
370 678
370 680
370 681
370 682
370 698
370 701
370 713
370 718
370 721
370 739
370 746
370 750
370 753
370 755
370 756
370 757
370 758
370 764
370 788
370 792
370 796
370 834
370 837
370 843
370 845
370 847
370 851
370 863
370 868
370 869
370 895
370 896
370 902
370 903
370 906
370 919
370 920
370 921
370 922
370 927
370 931
370 933
370 935
370 945
370 946
370 947
370 948
370 953
370 954
370 956
370 962
370 964
370 967
370 969
370 972
370 975
370 976
370 980
370 981
370 982
370 983
370 984
370 988
370 991
370 992
370 993
370 994
370 995
370 996
370 997
370 998
370 999
370 1000
370 1001
370 1007
370 1032
370 1037
370 1039
370 1043
370 1067
370 1073
370 1084
370 1085
370 1088
370 1097
370 1100
370 1117
370 1121
370 1134
370 1137
370 1138
370 1140
370 1143
370 1144
370 1152
370 1162
370 1164
370 1169
370 1170
370 1193
370 1196
370 1197
371 30
371 44
371 45
371 56
371 57
371 58
371 59
371 61
371 62
371 63
371 64
371 65
371 67
371 101
371 103
371 104
371 156
371 172
371 175
371 195
371 197
371 198
371 203
371 207
371 208
371 211
371 235
371 241
371 251
371 279
371 280
371 281
371 282
371 283
371 284
371 285
371 286
371 344
371 345
371 346
371 347
371 388
371 389
371 393
371 394
371 395
371 401
371 402
371 435
371 438
371 439
371 447
371 448
371 449
371 450
371 451
371 452
371 453
371 454
371 455
371 477
371 478
371 532
371 533
371 547
371 551
371 556
371 559
371 560
371 561
371 562
371 563
371 564
371 565
371 581
371 582
371 583
371 584
371 585
371 586
371 587
371 645
371 646
371 647
371 648
371 649
371 658
371 683
371 684
371 685
371 686
371 687
371 688
371 689
371 696
371 698
371 701
371 713
371 718
371 721
371 739
371 743
371 746
371 750
371 753
371 755
371 758
371 792
371 796
371 834
371 838
371 843
371 845
371 847
371 852
371 864
371 868
371 895
371 897
371 901
371 902
371 917
371 918
371 919
371 928
371 931
371 933
371 935
371 945
371 948
371 952
371 953
371 955
371 956
371 960
371 962
371 966
371 970
371 971
371 972
371 975
371 984
371 985
371 986
371 1002
371 1006
371 1007
371 1032
371 1036
371 1037
371 1039
371 1043
371 1067
371 1073
371 1085
371 1086
371 1087
371 1088
371 1094
371 1096
371 1100
371 1117
371 1121
371 1133
371 1136
371 1139
371 1140
371 1143
371 1152
371 1163
371 1169
371 1190
371 1191
371 1192
372 30
372 31
372 59
372 67
372 74
372 96
372 97
372 100
372 101
372 105
372 106
372 156
372 157
372 173
372 174
372 198
372 199
372 208
372 209
372 211
372 212
372 242
372 252
372 253
372 381
372 382
372 383
372 385
372 386
372 387
372 390
372 391
372 395
372 396
372 397
372 398
372 399
372 434
372 443
372 444
372 445
372 446
372 469
372 470
372 471
372 472
372 473
372 474
372 475
372 476
372 533
372 547
372 550
372 556
372 557
372 566
372 567
372 568
372 569
372 570
372 571
372 572
372 573
372 576
372 588
372 589
372 590
372 591
372 592
372 593
372 594
372 595
372 650
372 651
372 652
372 653
372 654
372 655
372 657
372 658
372 673
372 674
372 675
372 676
372 677
372 678
372 679
372 690
372 691
372 692
372 693
372 694
372 695
372 698
372 701
372 713
372 718
372 721
372 739
372 740
372 742
372 746
372 750
372 753
372 756
372 758
372 791
372 796
372 835
372 838
372 839
372 843
372 845
372 847
372 848
372 852
372 864
372 865
372 869
372 894
372 895
372 897
372 898
372 900
372 901
372 916
372 917
372 921
372 922
372 928
372 931
372 933
372 934
372 935
372 952
372 957
372 958
372 960
372 966
372 975
372 977
372 981
372 982
372 986
372 987
372 988
372 1000
372 1001
372 1002
372 1004
372 1005
372 1008
372 1009
372 1010
372 1011
372 1026
372 1027
372 1028
372 1029
372 1030
372 1031
372 1032
372 1033
372 1034
372 1036
372 1040
372 1043
372 1067
372 1068
372 1073
372 1092
372 1093
372 1094
372 1095
372 1096
372 1100
372 1101
372 1117
372 1121
372 1133
372 1139
372 1142
372 1143
372 1152
372 1168
372 1188
372 1189
372 1194
372 1198
372 1199
373 31
373 32
373 60
373 61
373 62
373 63
373 64
373 75
373 76
373 77
373 98
373 99
373 100
373 101
373 102
373 103
373 157
373 158
373 197
373 200
373 201
373 202
373 209
373 210
373 223
373 242
373 243
373 244
373 245
373 254
373 255
373 384
373 391
373 392
373 429
373 430
373 431
373 432
373 433
373 435
373 436
373 437
373 438
373 439
373 440
373 441
373 442
373 462
373 463
373 464
373 465
373 466
373 467
373 468
373 531
373 532
373 533
373 547
373 550
373 552
373 557
373 562
373 573
373 576
373 578
373 579
373 580
373 581
373 582
373 583
373 584
373 596
373 597
373 598
373 599
373 600
373 601
373 602
373 603
373 604
373 656
373 657
373 658
373 659
373 660
373 661
373 662
373 663
373 664
373 665
373 666
373 667
373 680
373 681
373 682
373 683
373 684
373 685
373 695
373 698
373 700
373 713
373 718
373 721
373 740
373 741
373 742
373 746
373 750
373 753
373 754
373 756
373 757
373 758
373 791
373 796
373 835
373 836
373 839
373 840
373 842
373 843
373 845
373 848
373 849
373 852
373 853
373 865
373 866
373 869
373 894
373 899
373 900
373 910
373 911
373 912
373 913
373 914
373 915
373 919
373 920
373 921
373 924
373 925
373 928
373 930
373 932
373 943
373 947
373 948
373 949
373 952
373 953
373 955
373 959
373 966
373 977
373 981
373 997
373 998
373 999
373 1000
373 1003
373 1011
373 1023
373 1024
373 1025
373 1035
373 1038
373 1042
373 1043
373 1068
373 1073
373 1089
373 1090
373 1091
373 1096
373 1097
373 1101
373 1118
373 1121
373 1122
373 1132
373 1135
373 1137
373 1138
373 1141
373 1142
373 1152
373 1181
373 1182
373 1183
373 1184
373 1185
373 1186
373 1187
373 1188
373 1191
373 1192
373 1193
373 1194
373 1197
373 1198
374 31
374 72
374 73
374 74
374 78
374 93
374 94
374 95
374 96
374 103
374 104
374 105
374 106
374 158
374 159
374 196
374 198
374 202
374 203
374 210
374 213
374 224
374 384
374 387
374 393
374 394
374 395
374 423
374 424
374 427
374 428
374 517
374 518
374 519
374 535
374 542
374 543
374 544
374 545
374 547
374 548
374 549
374 550
374 551
374 553
374 554
374 557
374 558
374 559
374 563
374 564
374 565
374 566
374 567
374 568
374 569
374 570
374 571
374 572
374 573
374 576
374 586
374 587
374 588
374 589
374 590
374 591
374 592
374 605
374 606
374 607
374 608
374 609
374 610
374 611
374 668
374 669
374 670
374 671
374 672
374 686
374 687
374 688
374 689
374 690
374 691
374 692
374 693
374 698
374 700
374 713
374 718
374 721
374 746
374 751
374 752
374 753
374 756
374 761
374 762
374 763
374 764
374 789
374 790
374 796
374 836
374 837
374 840
374 843
374 846
374 849
374 853
374 866
374 869
374 870
374 894
374 898
374 899
374 909
374 910
374 918
374 919
374 923
374 925
374 927
374 932
374 942
374 943
374 944
374 945
374 946
374 949
374 953
374 954
374 958
374 959
374 960
374 961
374 962
374 963
374 964
374 965
374 966
374 972
374 973
374 974
374 975
374 976
374 982
374 983
374 984
374 987
374 988
374 989
374 990
374 996
374 997
374 1003
374 1004
374 1005
374 1006
374 1007
374 1008
374 1009
374 1010
374 1011
374 1015
374 1016
374 1017
374 1018
374 1019
374 1022
374 1034
374 1035
374 1037
374 1039
374 1041
374 1042
374 1068
374 1069
374 1074
374 1087
374 1088
374 1095
374 1097
374 1098
374 1101
374 1119
374 1122
374 1131
374 1133
374 1135
374 1141
374 1151
374 1178
374 1179
374 1180
374 1185
375 31
375 74
375 75
375 76
375 93
375 94
375 96
375 107
375 108
375 158
375 159
375 160
375 171
375 203
375 204
375 205
375 206
375 207
375 208
375 209
375 210
375 213
375 214
375 215
375 223
375 225
375 226
375 385
375 388
375 425
375 426
375 464
375 493
375 494
375 495
375 503
375 504
375 505
375 506
375 507
375 508
375 517
375 520
375 522
375 523
375 524
375 525
375 526
375 527
375 531
375 532
375 533
375 534
375 540
375 541
375 547
375 559
375 560
375 566
375 573
375 576
375 595
375 596
375 597
375 598
375 599
375 600
375 601
375 612
375 613
375 614
375 615
375 616
375 617
375 618
375 619
375 621
375 673
375 674
375 675
375 676
375 677
375 678
375 689
375 693
375 698
375 700
375 713
375 718
375 721
375 746
375 754
375 756
375 766
375 767
375 768
375 769
375 770
375 771
375 772
375 773
375 774
375 787
375 788
375 789
375 796
375 837
375 843
375 844
375 846
375 847
375 849
375 850
375 853
375 867
375 870
375 871
375 894
375 895
375 896
375 897
375 898
375 907
375 911
375 912
375 913
375 916
375 917
375 918
375 921
375 922
375 923
375 929
375 930
375 931
375 932
375 940
375 942
375 949
375 952
375 953
375 957
375 958
375 961
375 966
375 972
375 976
375 977
375 978
375 979
375 985
375 996
375 1013
375 1014
375 1020
375 1030
375 1034
375 1037
375 1039
375 1041
375 1069
375 1074
375 1086
375 1087
375 1099
375 1100
375 1101
375 1102
375 1117
375 1118
375 1122
375 1129
375 1130
375 1133
375 1135
375 1141
375 1151
375 1177
375 1178
375 1192
375 1193
375 1194
376 29
376 31
376 32
376 72
376 75
376 94
376 97
376 156
376 157
376 161
376 162
376 163
376 164
376 165
376 171
376 172
376 186
376 187
376 211
376 215
376 216
376 223
376 226
376 231
376 232
376 318
376 319
376 320
376 321
376 385
376 386
376 389
376 463
376 465
376 482
376 490
376 491
376 492
376 495
376 496
376 503
376 517
376 520
376 539
376 547
376 560
376 561
376 563
376 566
376 571
376 572
376 576
376 603
376 620
376 622
376 623
376 624
376 625
376 626
376 679
376 680
376 681
376 682
376 683
376 684
376 713
376 718
376 721
376 746
376 760
376 761
376 762
376 763
376 764
376 775
376 776
376 777
376 778
376 779
376 780
376 781
376 782
376 783
376 784
376 785
376 796
376 837
376 839
376 841
376 843
376 847
376 850
376 853
376 854
376 867
376 871
376 900
376 907
376 908
376 909
376 915
376 916
376 920
376 928
376 929
376 939
376 942
376 949
376 952
376 956
376 966
376 969
376 970
376 972
376 973
376 980
376 981
376 985
376 986
376 995
376 996
376 1013
376 1019
376 1022
376 1023
376 1030
376 1031
376 1033
376 1036
376 1040
376 1041
376 1069
376 1074
376 1086
376 1118
376 1122
376 1129
376 1133
376 1135
376 1141
376 1151
376 1176
376 1177
376 1181
376 1182
376 1183
376 1187
376 1188
376 1189
376 1195
376 1198
376 1199
377 29
377 32
377 33
377 51
377 52
377 66
377 75
377 93
377 94
377 97
377 98
377 156
377 166
377 167
377 168
377 170
377 172
377 173
377 187
377 188
377 216
377 217
377 218
377 223
377 224
377 225
377 226
377 227
377 228
377 229
377 230
377 317
377 318
377 321
377 322
377 323
377 359
377 360
377 361
377 372
377 373
377 382
377 383
377 384
377 385
377 389
377 390
377 411
377 412
377 463
377 465
377 476
377 477
377 478
377 479
377 480
377 481
377 490
377 496
377 502
377 517
377 520
377 539
377 547
377 563
377 564
377 570
377 572
377 576
377 599
377 608
377 609
377 610
377 611
377 612
377 627
377 628
377 629
377 630
377 631
377 632
377 633
377 634
377 685
377 686
377 687
377 688
377 689
377 713
377 718
377 721
377 746
377 760
377 764
377 765
377 766
377 767
377 768
377 769
377 770
377 771
377 796
377 797
377 798
377 799
377 837
377 839
377 841
377 848
377 851
377 854
377 855
377 867
377 871
377 900
377 906
377 907
377 909
377 910
377 914
377 915
377 918
377 924
377 927
377 933
377 934
377 935
377 936
377 942
377 949
377 952
377 955
377 958
377 959
377 961
377 967
377 969
377 973
377 974
377 983
377 984
377 985
377 994
377 995
377 1014
377 1015
377 1016
377 1017
377 1018
377 1019
377 1023
377 1024
377 1026
377 1027
377 1033
377 1036
377 1040
377 1042
377 1069
377 1074
377 1085
377 1086
377 1092
377 1118
377 1119
377 1120
377 1122
377 1129
377 1133
377 1135
377 1139
377 1140
377 1151
377 1170
377 1175
377 1176
377 1177
377 1183
377 1184
377 1185
377 1186
377 1189
377 1191
377 1192
377 1194
377 1195
377 1196
377 1198
378 28
378 29
378 33
378 34
378 52
378 53
378 64
378 65
378 67
378 68
378 69
378 70
378 71
378 95
378 96
378 98
378 99
378 100
378 101
378 102
378 103
378 156
378 157
378 169
378 173
378 174
378 188
378 189
378 214
378 215
378 230
378 231
378 232
378 318
378 362
378 363
378 364
378 365
378 366
378 367
378 368
378 369
378 370
378 371
378 372
378 390
378 391
378 392
378 413
378 414
378 463
378 465
378 466
378 467
378 468
378 469
378 473
378 489
378 492
378 493
378 494
378 495
378 496
378 502
378 516
378 517
378 520
378 536
378 537
378 539
378 545
378 547
378 548
378 550
378 551
378 552
378 553
378 560
378 561
378 562
378 564
378 565
378 566
378 572
378 573
378 576
378 599
378 604
378 607
378 611
378 613
378 614
378 615
378 616
378 635
378 636
378 637
378 638
378 639
378 640
378 641
378 642
378 643
378 644
378 645
378 690
378 691
378 692
378 693
378 713
378 718
378 721
378 746
378 760
378 772
378 773
378 774
378 775
378 776
378 777
378 778
378 779
378 780
378 781
378 782
378 783
378 786
378 787
378 788
378 789
378 790
378 791
378 800
378 801
378 802
378 803
378 804
378 805
378 806
378 807
378 808
378 809
378 810
378 811
378 812
378 813
378 814
378 815
378 838
378 840
378 841
378 842
378 848
378 849
378 851
378 868
378 872
378 902
378 903
378 904
378 905
378 906
378 908
378 910
378 911
378 912
378 913
378 917
378 920
378 921
378 922
378 923
378 926
378 932
378 933
378 936
378 938
378 942
378 943
378 948
378 953
378 959
378 961
378 962
378 963
378 964
378 967
378 968
378 974
378 975
378 976
378 977
378 982
378 993
378 994
378 1011
378 1012
378 1013
378 1019
378 1020
378 1024
378 1028
378 1029
378 1032
378 1033
378 1036
378 1070
378 1074
378 1084
378 1085
378 1091
378 1092
378 1093
378 1094
378 1103
378 1120
378 1122
378 1129
378 1135
378 1138
378 1139
378 1150
378 1151
378 1168
378 1169
378 1170
378 1171
378 1172
378 1173
378 1174
378 1177
378 1179
378 1184
378 1188
378 1189
378 1193
378 1196
378 1197
378 1198
379 28
379 34
379 35
379 53
379 54
379 55
379 72
379 73
379 74
379 157
379 158
379 174
379 189
379 190
379 191
379 232
379 233
379 318
379 319
379 320
379 321
379 366
379 392
379 412
379 413
379 415
379 416
379 453
379 454
379 455
379 456
379 457
379 458
379 464
379 465
379 471
379 472
379 473
379 474
379 475
379 476
379 477
379 478
379 479
379 480
379 481
379 482
379 483
379 489
379 490
379 492
379 502
379 516
379 520
379 521
379 538
379 539
379 544
379 548
379 549
379 554
379 555
379 556
379 557
379 558
379 559
379 567
379 568
379 569
379 570
379 571
379 572
379 573
379 576
379 587
379 588
379 589
379 593
379 599
379 604
379 605
379 607
379 608
379 609
379 610
379 616
379 617
379 618
379 619
379 620
379 621
379 622
379 623
379 624
379 625
379 626
379 627
379 628
379 629
379 646
379 647
379 648
379 649
379 650
379 651
379 652
379 653
379 654
379 694
379 695
379 696
379 697
379 713
379 718
379 721
379 746
379 747
379 748
379 749
379 750
379 759
379 783
379 784
379 785
379 786
379 792
379 793
379 794
379 795
379 816
379 817
379 818
379 819
379 820
379 821
379 822
379 823
379 824
379 825
379 826
379 827
379 828
379 829
379 830
379 831
379 840
379 842
379 843
379 849
379 852
379 855
379 868
379 869
379 872
379 873
379 898
379 899
379 900
379 901
379 915
379 916
379 920
379 923
379 929
379 930
379 931
379 937
379 938
379 939
379 940
379 941
379 942
379 945
379 946
379 947
379 948
379 952
379 959
379 960
379 961
379 964
379 965
379 970
379 971
379 974
379 977
379 978
379 982
379 990
379 991
379 992
379 993
379 1007
379 1011
379 1014
379 1015
379 1016
379 1017
379 1024
379 1032
379 1036
379 1039
379 1040
379 1041
379 1042
379 1070
379 1075
379 1084
379 1090
379 1091
379 1099
379 1100
379 1101
379 1102
379 1120
379 1122
379 1129
379 1133
379 1134
379 1135
379 1137
379 1138
379 1147
379 1148
379 1149
379 1177
379 1178
379 1179
379 1180
379 1181
379 1182
379 1184
379 1185
379 1186
379 1187
379 1190
379 1193
379 1196
379 1198
380 28
380 29
380 35
380 36
380 50
380 51
380 74
380 75
380 158
380 159
380 160
380 174
380 175
380 176
380 177
380 178
380 365
380 366
380 367
380 368
380 369
380 370
380 371
380 372
380 373
380 393
380 412
380 417
380 418
380 439
380 440
380 441
380 442
380 443
380 444
380 452
380 458
380 465
380 469
380 470
380 471
380 480
380 489
380 501
380 502
380 504
380 513
380 514
380 515
380 516
380 517
380 521
380 541
380 542
380 543
380 546
380 547
380 558
380 573
380 574
380 575
380 576
380 579
380 580
380 581
380 582
380 583
380 584
380 593
380 594
380 595
380 596
380 597
380 598
380 599
380 605
380 612
380 613
380 616
380 621
380 623
380 633
380 634
380 635
380 636
380 655
380 656
380 657
380 658
380 659
380 660
380 661
380 662
380 663
380 664
380 697
380 698
380 713
380 718
380 721
380 742
380 745
380 746
380 751
380 752
380 753
380 754
380 755
380 756
380 757
380 758
380 760
380 772
380 775
380 797
380 798
380 799
380 800
380 801
380 802
380 803
380 804
380 805
380 806
380 807
380 808
380 809
380 810
380 833
380 834
380 835
380 836
380 839
380 841
380 843
380 844
380 850
380 852
380 853
380 854
380 856
380 869
380 873
380 874
380 891
380 892
380 893
380 894
380 895
380 896
380 897
380 898
380 910
380 913
380 914
380 915
380 917
380 920
380 926
380 927
380 928
380 929
380 934
380 936
380 944
380 945
380 948
380 950
380 954
380 955
380 962
380 964
380 969
380 972
380 974
380 979
380 981
380 987
380 988
380 989
380 1006
380 1018
380 1019
380 1020
380 1025
380 1026
380 1031
380 1032
380 1036
380 1037
380 1038
380 1042
380 1043
380 1044
380 1045
380 1070
380 1075
380 1083
380 1084
380 1089
380 1091
380 1093
380 1099
380 1102
380 1103
380 1120
380 1123
380 1129
380 1132
380 1135
380 1136
380 1137
380 1146
380 1147
380 1159
380 1163
380 1164
380 1165
380 1168
380 1169
380 1170
380 1171
380 1172
380 1173
380 1174
380 1175
380 1183
380 1189
380 1191
380 1192
380 1193
380 1196
380 1197
380 1198
380 1199
381 29
381 36
381 37
381 38
381 39
381 40
381 41
381 42
381 43
381 44
381 45
381 46
381 47
381 51
381 52
381 53
381 54
381 75
381 76
381 160
381 161
381 162
381 178
381 179
381 180
381 181
381 221
381 222
381 223
381 224
381 413
381 419
381 438
381 451
381 455
381 456
381 457
381 458
381 465
381 476
381 487
381 488
381 489
381 490
381 496
381 499
381 500
381 505
381 510
381 519
381 521
381 546
381 548
381 550
381 551
381 552
381 553
381 554
381 555
381 556
381 558
381 574
381 576
381 577
381 585
381 586
381 587
381 604
381 607
381 608
381 612
381 616
381 621
381 624
381 645
381 665
381 666
381 667
381 668
381 669
381 698
381 700
381 713
381 718
381 721
381 742
381 745
381 763
381 764
381 765
381 766
381 767
381 768
381 769
381 770
381 771
381 772
381 773
381 774
381 776
381 777
381 778
381 779
381 780
381 781
381 785
381 786
381 789
381 790
381 791
381 793
381 794
381 795
381 797
381 810
381 811
381 814
381 815
381 816
381 817
381 818
381 819
381 820
381 821
381 831
381 832
381 836
381 839
381 841
381 844
381 845
381 854
381 855
381 856
381 870
381 874
381 888
381 889
381 890
381 910
381 914
381 917
381 918
381 919
381 920
381 921
381 922
381 923
381 924
381 925
381 930
381 931
381 935
381 936
381 943
381 944
381 948
381 950
381 954
381 956
381 957
381 958
381 960
381 964
381 970
381 971
381 973
381 976
381 977
381 982
381 983
381 984
381 985
381 986
381 1002
381 1004
381 1005
381 1007
381 1009
381 1010
381 1011
381 1015
381 1021
381 1023
381 1027
381 1028
381 1029
381 1030
381 1046
381 1047
381 1048
381 1049
381 1070
381 1075
381 1082
381 1083
381 1088
381 1089
381 1093
381 1095
381 1099
381 1103
381 1120
381 1122
381 1123
381 1128
381 1129
381 1132
381 1139
381 1140
381 1141
381 1142
381 1143
381 1144
381 1145
381 1146
381 1155
381 1156
381 1157
381 1158
381 1160
381 1161
381 1162
381 1166
381 1167
381 1191
381 1193
381 1194
381 1195
382 29
382 41
382 42
382 44
382 47
382 48
382 76
382 77
382 181
382 182
382 183
382 225
382 226
382 247
382 248
382 414
382 419
382 438
382 439
382 451
382 454
382 455
382 465
382 471
382 472
382 475
382 476
382 479
382 480
382 484
382 485
382 486
382 494
382 495
382 497
382 498
382 503
382 504
382 505
382 510
382 511
382 516
382 517
382 518
382 521
382 546
382 550
382 558
382 574
382 577
382 587
382 603
382 606
382 608
382 612
382 613
382 616
382 618
382 619
382 620
382 621
382 625
382 626
382 645
382 653
382 654
382 655
382 656
382 670
382 671
382 672
382 673
382 674
382 675
382 676
382 698
382 700
382 713
382 718
382 721
382 742
382 745
382 782
382 783
382 784
382 787
382 788
382 795
382 796
382 811
382 814
382 829
382 830
382 832
382 833
382 834
382 837
382 840
382 842
382 845
382 851
382 856
382 870
382 871
382 874
382 875
382 887
382 888
382 910
382 911
382 913
382 914
382 919
382 924
382 929
382 932
382 933
382 935
382 943
382 947
382 950
382 951
382 953
382 958
382 960
382 962
382 964
382 968
382 971
382 973
382 977
382 980
382 981
382 1002
382 1004
382 1007
382 1009
382 1013
382 1014
382 1016
382 1017
382 1021
382 1023
382 1025
382 1038
382 1039
382 1040
382 1041
382 1049
382 1070
382 1075
382 1082
382 1088
382 1089
382 1092
382 1095
382 1099
382 1103
382 1120
382 1123
382 1127
382 1128
382 1131
382 1136
382 1137
382 1138
382 1148
382 1149
382 1150
382 1151
382 1152
382 1153
382 1154
382 1172
382 1191
382 1195
382 1197
382 1198
382 1199
383 29
383 30
383 42
383 48
383 77
383 138
383 139
383 140
383 141
383 179
383 180
383 183
383 216
383 217
383 221
383 222
383 246
383 332
383 333
383 414
383 439
383 452
383 454
383 463
383 464
383 465
383 473
383 474
383 475
383 479
383 499
383 502
383 503
383 511
383 512
383 513
383 516
383 521
383 546
383 558
383 574
383 576
383 587
383 602
383 603
383 605
383 608
383 609
383 614
383 616
383 618
383 623
383 624
383 625
383 627
383 628
383 656
383 659
383 664
383 677
383 678
383 679
383 680
383 681
383 682
383 683
383 684
383 685
383 686
383 687
383 697
383 700
383 713
383 718
383 721
383 742
383 745
383 811
383 812
383 813
383 814
383 821
383 840
383 842
383 845
383 851
383 852
383 853
383 855
383 871
383 875
383 876
383 887
383 896
383 897
383 898
383 910
383 913
383 914
383 919
383 922
383 923
383 924
383 932
383 935
383 943
383 946
383 951
383 954
383 960
383 962
383 965
383 969
383 971
383 974
383 977
383 978
383 979
383 1002
383 1006
383 1007
383 1010
383 1012
383 1013
383 1017
383 1020
383 1021
383 1024
383 1025
383 1038
383 1042
383 1049
383 1050
383 1070
383 1075
383 1080
383 1081
383 1082
383 1087
383 1092
383 1094
383 1099
383 1103
383 1120
383 1123
383 1124
383 1125
383 1126
383 1127
383 1167
383 1169
383 1170
383 1171
383 1173
383 1174
383 1175
383 1176
383 1177
383 1191
383 1194
383 1195
384 30
384 31
384 32
384 33
384 42
384 43
384 44
384 45
384 49
384 78
384 141
384 142
384 181
384 182
384 183
384 217
384 218
384 219
384 220
384 223
384 224
384 225
384 246
384 247
384 295
384 296
384 297
384 298
384 299
384 333
384 334
384 414
384 415
384 436
384 439
384 450
384 451
384 452
384 454
384 455
384 460
384 461
384 462
384 479
384 499
384 500
384 501
384 502
384 514
384 515
384 516
384 546
384 548
384 549
384 550
384 551
384 552
384 553
384 554
384 555
384 556
384 557
384 558
384 565
384 567
384 574
384 576
384 578
384 579
384 580
384 581
384 582
384 585
384 588
384 589
384 602
384 605
384 608
384 612
384 614
384 615
384 616
384 618
384 619
384 622
384 624
384 628
384 656
384 657
384 658
384 659
384 666
384 667
384 668
384 669
384 688
384 689
384 690
384 691
384 692
384 693
384 694
384 697
384 700
384 713
384 718
384 721
384 742
384 745
384 815
384 816
384 817
384 818
384 819
384 820
384 821
384 822
384 823
384 824
384 825
384 826
384 827
384 828
384 829
384 830
384 833
384 840
384 855
384 871
384 876
384 886
384 887
384 892
384 893
384 894
384 895
384 898
384 911
384 919
384 922
384 924
384 931
384 932
384 935
384 943
384 944
384 948
384 951
384 952
384 954
384 955
384 960
384 965
384 971
384 974
384 975
384 977
384 978
384 979
384 987
384 988
384 1001
384 1004
384 1011
384 1017
384 1018
384 1019
384 1020
384 1038
384 1042
384 1043
384 1050
384 1051
384 1052
384 1070
384 1075
384 1076
384 1077
384 1078
384 1079
384 1086
384 1093
384 1094
384 1095
384 1097
384 1098
384 1099
384 1100
384 1103
384 1120
384 1121
384 1122
384 1130
384 1131
384 1132
384 1135
384 1139
384 1141
384 1153
384 1154
384 1155
384 1156
384 1159
384 1160
384 1161
384 1162
384 1163
384 1164
384 1165
384 1166
384 1168
384 1191
384 1192
384 1193
384 1196
384 1197
384 1198
384 1199
385 34
385 35
385 36
385 37
385 38
385 39
385 40
385 41
385 42
385 45
385 46
385 47
385 50
385 51
385 90
385 136
385 137
385 138
385 139
385 195
385 196
385 247
385 248
385 249
385 300
385 301
385 302
385 303
385 304
385 305
385 415
385 416
385 417
385 437
385 438
385 439
385 447
385 448
385 449
385 454
385 473
385 474
385 475
385 476
385 477
385 478
385 479
385 529
385 546
385 547
385 558
385 559
385 560
385 561
385 562
385 563
385 564
385 566
385 568
385 569
385 573
385 574
385 576
385 584
385 585
385 586
385 587
385 602
385 609
385 612
385 618
385 619
385 620
385 621
385 626
385 627
385 628
385 656
385 658
385 671
385 672
385 673
385 674
385 675
385 676
385 695
385 696
385 700
385 713
385 718
385 721
385 742
385 745
385 831
385 832
385 834
385 835
385 836
385 837
385 838
385 839
385 841
385 842
385 843
385 844
385 845
385 846
385 847
385 848
385 871
385 876
385 877
385 883
385 884
385 885
385 886
385 890
385 891
385 892
385 895
385 897
385 898
385 913
385 914
385 915
385 916
385 919
385 920
385 921
385 923
385 924
385 925
385 932
385 934
385 942
385 948
385 952
385 955
385 956
385 960
385 963
385 964
385 967
385 968
385 969
385 970
385 971
385 976
385 977
385 979
385 988
385 1001
385 1004
385 1018
385 1052
385 1053
385 1054
385 1070
385 1086
385 1088
385 1092
385 1093
385 1103
385 1121
385 1132
385 1134
385 1135
385 1139
385 1140
385 1141
385 1152
385 1153
385 1157
385 1158
385 1173
385 1174
385 1175
385 1176
386 40
386 41
386 43
386 47
386 48
386 52
386 53
386 54
386 55
386 85
386 86
386 87
386 89
386 139
386 140
386 141
386 142
386 149
386 191
386 192
386 193
386 194
386 196
386 197
386 198
386 199
386 295
386 296
386 297
386 298
386 410
386 411
386 417
386 418
386 419
386 437
386 447
386 453
386 454
386 455
386 509
386 510
386 511
386 512
386 513
386 514
386 515
386 516
386 517
386 518
386 519
386 520
386 521
386 522
386 523
386 524
386 525
386 526
386 527
386 528
386 548
386 549
386 550
386 551
386 552
386 553
386 571
386 572
386 575
386 576
386 584
386 602
386 603
386 608
386 612
386 621
386 626
386 656
386 665
386 666
386 668
386 670
386 671
386 678
386 679
386 680
386 696
386 700
386 713
386 721
386 742
386 745
386 849
386 850
386 851
386 852
386 853
386 854
386 855
386 856
386 857
386 871
386 872
386 873
386 877
386 878
386 882
386 889
386 893
386 896
386 911
386 917
386 918
386 923
386 932
386 940
386 941
386 942
386 944
386 945
386 946
386 948
386 949
386 950
386 952
386 953
386 956
386 957
386 962
386 963
386 965
386 967
386 972
386 977
386 978
386 979
386 984
386 985
386 986
386 987
386 992
386 997
386 998
386 999
386 1000
386 1003
386 1035
386 1036
386 1037
386 1038
386 1054
386 1055
386 1070
386 1074
386 1076
386 1087
386 1091
386 1092
386 1096
386 1100
386 1101
386 1103
386 1108
386 1109
386 1132
386 1133
386 1134
386 1135
386 1169
386 1170
386 1171
386 1172
386 1177
386 1178
386 1179
386 1180
386 1181
386 1182
386 1183
386 1184
386 1185
386 1186
386 1187
386 1188
386 1189
386 1190
387 34
387 35
387 36
387 37
387 38
387 41
387 48
387 49
387 50
387 56
387 57
387 58
387 59
387 60
387 88
387 89
387 90
387 144
387 145
387 146
387 147
387 149
387 150
387 191
387 196
387 299
387 300
387 301
387 302
387 303
387 304
387 401
387 402
387 403
387 404
387 405
387 406
387 407
387 408
387 409
387 411
387 412
387 413
387 419
387 420
387 423
387 430
387 431
387 432
387 433
387 434
387 435
387 436
387 437
387 447
387 448
387 449
387 450
387 451
387 452
387 497
387 498
387 499
387 500
387 501
387 502
387 503
387 504
387 505
387 506
387 507
387 508
387 535
387 536
387 537
387 538
387 539
387 540
387 541
387 542
387 543
387 544
387 545
387 546
387 547
387 548
387 554
387 555
387 556
387 557
387 558
387 559
387 560
387 571
387 576
387 584
387 585
387 586
387 587
387 588
387 589
387 609
387 613
387 621
387 626
387 665
387 667
387 669
387 670
387 675
387 676
387 678
387 690
387 693
387 694
387 695
387 696
387 700
387 713
387 742
387 745
387 851
387 857
387 858
387 859
387 878
387 879
387 882
387 887
387 890
387 891
387 895
387 906
387 911
387 914
387 915
387 917
387 920
387 922
387 924
387 925
387 936
387 937
387 938
387 939
387 940
387 943
387 948
387 951
387 954
387 957
387 962
387 965
387 966
387 967
387 972
387 975
387 984
387 987
387 988
387 991
387 992
387 1002
387 1003
387 1014
387 1015
387 1016
387 1017
387 1018
387 1035
387 1039
387 1040
387 1041
387 1042
387 1043
387 1044
387 1055
387 1056
387 1057
387 1070
387 1074
387 1076
387 1086
387 1087
387 1094
387 1095
387 1096
387 1099
387 1101
387 1104
387 1106
387 1107
387 1108
387 1167
387 1168
387 1169
387 1191
388 39
388 42
388 43
388 51
388 52
388 53
388 54
388 90
388 91
388 147
388 149
388 195
388 196
388 281
388 282
388 408
388 413
388 414
388 420
388 423
388 424
388 425
388 426
388 427
388 428
388 429
388 430
388 437
388 489
388 490
388 491
388 492
388 493
388 494
388 495
388 496
388 513
388 518
388 519
388 520
388 521
388 522
388 523
388 524
388 525
388 526
388 527
388 528
388 529
388 530
388 531
388 532
388 533
388 534
388 547
388 561
388 562
388 567
388 568
388 569
388 570
388 571
388 576
388 600
388 601
388 602
388 609
388 610
388 613
388 620
388 621
388 627
388 628
388 664
388 667
388 669
388 675
388 677
388 679
388 688
388 689
388 690
388 695
388 696
388 700
388 713
388 742
388 745
388 851
388 859
388 860
388 870
388 879
388 881
388 882
388 886
388 889
388 891
388 895
388 905
388 907
388 910
388 911
388 914
388 917
388 918
388 919
388 920
388 921
388 925
388 934
388 935
388 937
388 940
388 942
388 943
388 946
388 947
388 948
388 951
388 953
388 954
388 955
388 958
388 961
388 964
388 965
388 967
388 971
388 974
388 975
388 977
388 984
388 985
388 986
388 988
388 990
388 991
388 1026
388 1027
388 1028
388 1030
388 1031
388 1034
388 1035
388 1045
388 1046
388 1057
388 1058
388 1069
388 1070
388 1074
388 1077
388 1087
388 1088
388 1093
388 1099
388 1103
388 1169
389 55
389 56
389 57
389 58
389 59
389 78
389 91
389 92
389 93
389 147
389 150
389 281
389 420
389 421
389 425
389 430
389 431
389 432
389 433
389 475
389 476
389 477
389 478
389 479
389 480
389 481
389 482
389 483
389 484
389 485
389 486
389 487
389 488
389 507
389 508
389 509
389 510
389 511
389 512
389 513
389 514
389 515
389 516
389 517
389 534
389 547
389 549
389 550
389 553
389 554
389 555
389 556
389 562
389 563
389 564
389 565
389 566
389 567
389 571
389 576
389 600
389 602
389 610
389 612
389 620
389 663
389 664
389 666
389 669
389 671
389 675
389 677
389 689
389 696
389 700
389 713
389 721
389 742
389 745
389 852
389 860
389 871
389 876
389 881
389 882
389 885
389 889
389 891
389 894
389 895
389 904
389 905
389 907
389 908
389 910
389 914
389 917
389 921
389 922
389 926
389 937
389 938
389 939
389 940
389 944
389 945
389 948
389 950
389 953
389 955
389 956
389 958
389 959
389 960
389 961
389 963
389 965
389 970
389 971
389 974
389 976
389 990
389 1018
389 1019
389 1020
389 1026
389 1028
389 1031
389 1035
389 1046
389 1058
389 1059
389 1060
389 1068
389 1069
389 1074
389 1077
389 1089
389 1093
389 1094
389 1098
389 1099
389 1100
389 1101
389 1102
389 1103
389 1115
389 1120
389 1121
389 1169
389 1170
389 1172
389 1173
390 59
390 60
390 61
390 62
390 63
390 64
390 68
390 69
390 70
390 71
390 72
390 79
390 80
390 81
390 82
390 83
390 85
390 86
390 94
390 95
390 96
390 97
390 98
390 99
390 148
390 151
390 192
390 193
390 194
390 195
390 269
390 280
390 281
390 282
390 283
390 421
390 460
390 461
390 462
390 463
390 464
390 465
390 466
390 467
390 468
390 469
390 470
390 471
390 472
390 473
390 474
390 490
390 491
390 492
390 493
390 494
390 495
390 496
390 497
390 498
390 499
390 500
390 501
390 502
390 503
390 504
390 505
390 506
390 515
390 523
390 547
390 550
390 551
390 553
390 557
390 558
390 559
390 560
390 571
390 576
390 602
390 612
390 620
390 663
390 666
390 668
390 672
390 673
390 677
390 678
390 694
390 696
390 700
390 713
390 721
390 742
390 745
390 746
390 747
390 748
390 749
390 750
390 751
390 752
390 753
390 852
390 853
390 858
390 859
390 860
390 863
390 864
390 865
390 871
390 876
390 883
390 886
390 889
390 890
390 891
390 894
390 904
390 907
390 909
390 914
390 915
390 916
390 923
390 924
390 925
390 926
390 927
390 936
390 937
390 940
390 942
390 946
390 948
390 952
390 956
390 963
390 964
390 966
390 968
390 969
390 970
390 973
390 976
390 986
390 987
390 988
390 989
390 991
390 992
390 1014
390 1015
390 1016
390 1017
390 1020
390 1025
390 1026
390 1031
390 1032
390 1034
390 1035
390 1044
390 1045
390 1046
390 1060
390 1061
390 1066
390 1067
390 1068
390 1075
390 1076
390 1079
390 1080
390 1081
390 1082
390 1083
390 1084
390 1085
390 1086
390 1089
390 1091
390 1095
390 1096
390 1097
390 1099
390 1109
390 1110
390 1112
390 1113
390 1114
390 1115
390 1116
390 1117
390 1118
390 1119
390 1120
390 1170
390 1171
390 1174
390 1175
391 65
391 72
391 87
391 88
391 89
391 100
391 101
391 113
391 114
391 148
391 149
391 152
391 196
391 197
391 231
391 270
391 271
391 275
391 422
391 423
391 424
391 425
391 426
391 447
391 448
391 449
391 450
391 451
391 452
391 453
391 454
391 455
391 456
391 457
391 458
391 475
391 476
391 477
391 478
391 479
391 480
391 481
391 482
391 483
391 484
391 485
391 486
391 487
391 488
391 489
391 523
391 530
391 531
391 532
391 533
391 534
391 535
391 547
391 553
391 554
391 561
391 562
391 563
391 564
391 565
391 566
391 567
391 569
391 570
391 571
391 576
391 601
391 612
391 620
391 661
391 662
391 665
391 671
391 672
391 675
391 676
391 694
391 696
391 700
391 713
391 721
391 742
391 754
391 755
391 756
391 757
391 758
391 759
391 760
391 761
391 762
391 763
391 764
391 765
391 853
391 854
391 860
391 861
391 863
391 865
391 871
391 876
391 877
391 878
391 881
391 883
391 886
391 891
391 893
391 894
391 904
391 907
391 909
391 916
391 917
391 925
391 932
391 933
391 934
391 935
391 940
391 942
391 943
391 945
391 948
391 950
391 951
391 952
391 956
391 957
391 958
391 960
391 961
391 966
391 967
391 968
391 973
391 974
391 975
391 976
391 991
391 994
391 1009
391 1010
391 1011
391 1012
391 1013
391 1020
391 1024
391 1025
391 1027
391 1031
391 1034
391 1039
391 1040
391 1041
391 1042
391 1043
391 1048
391 1056
391 1057
391 1061
391 1062
391 1063
391 1064
391 1065
391 1066
391 1090
391 1092
391 1111
392 51
392 52
392 53
392 54
392 55
392 68
392 69
392 70
392 72
392 78
392 79
392 80
392 81
392 82
392 83
392 84
392 85
392 86
392 87
392 89
392 90
392 101
392 102
392 114
392 115
392 149
392 150
392 158
392 159
392 160
392 177
392 178
392 179
392 197
392 230
392 231
392 232
392 233
392 234
392 235
392 236
392 238
392 271
392 272
392 273
392 275
392 282
392 283
392 405
392 406
392 407
392 408
392 409
392 410
392 411
392 412
392 413
392 414
392 415
392 427
392 428
392 436
392 437
392 438
392 439
392 440
392 441
392 442
392 443
392 444
392 445
392 446
392 460
392 461
392 462
392 463
392 464
392 465
392 466
392 467
392 468
392 469
392 472
392 473
392 475
392 515
392 517
392 518
392 519
392 520
392 522
392 523
392 527
392 528
392 529
392 536
392 537
392 538
392 539
392 540
392 541
392 543
392 547
392 552
392 555
392 556
392 557
392 558
392 559
392 560
392 567
392 571
392 576
392 612
392 619
392 664
392 670
392 671
392 674
392 675
392 694
392 696
392 700
392 713
392 722
392 723
392 742
392 746
392 748
392 766
392 767
392 768
392 769
392 770
392 771
392 772
392 773
392 774
392 775
392 776
392 777
392 778
392 779
392 780
392 781
392 782
392 783
392 784
392 785
392 786
392 787
392 788
392 789
392 790
392 791
392 792
392 793
392 794
392 795
392 796
392 797
392 798
392 799
392 854
392 855
392 861
392 863
392 866
392 867
392 871
392 878
392 880
392 884
392 885
392 886
392 887
392 888
392 891
392 894
392 905
392 907
392 909
392 917
392 919
392 924
392 925
392 945
392 946
392 947
392 958
392 967
392 983
392 984
392 985
392 986
392 988
392 989
392 992
392 993
392 996
392 997
392 998
392 999
392 1000
392 1001
392 1002
392 1003
392 1004
392 1005
392 1006
392 1007
392 1008
392 1009
392 1016
392 1017
392 1018
392 1019
392 1024
392 1027
392 1029
392 1030
392 1031
392 1034
392 1035
392 1036
392 1037
392 1038
392 1046
392 1047
392 1049
392 1050
392 1051
392 1052
392 1053
392 1054
392 1055
392 1073
392 1074
392 1076
392 1077
392 1078
392 1079
392 1080
392 1084
392 1088
392 1089
392 1096
392 1097
392 1098
392 1099
393 56
393 57
393 58
393 59
393 60
393 61
393 70
393 73
393 87
393 90
393 102
393 103
393 115
393 116
393 132
393 133
393 134
393 150
393 151
393 152
393 153
393 158
393 176
393 177
393 179
393 180
393 209
393 212
393 213
393 214
393 232
393 237
393 264
393 273
393 274
393 366
393 367
393 368
393 369
393 370
393 371
393 428
393 429
393 430
393 431
393 432
393 433
393 434
393 435
393 448
393 449
393 450
393 451
393 452
393 453
393 454
393 455
393 456
393 457
393 458
393 459
393 473
393 476
393 515
393 517
393 521
393 524
393 525
393 526
393 542
393 544
393 545
393 547
393 548
393 549
393 550
393 551
393 560
393 561
393 562
393 563
393 564
393 566
393 567
393 569
393 570
393 576
393 593
393 594
393 595
393 596
393 597
393 598
393 599
393 600
393 611
393 612
393 619
393 668
393 669
393 670
393 673
393 683
393 694
393 696
393 700
393 713
393 723
393 724
393 742
393 746
393 749
393 751
393 754
393 755
393 756
393 757
393 758
393 774
393 775
393 800
393 801
393 802
393 803
393 804
393 805
393 806
393 807
393 808
393 809
393 810
393 811
393 812
393 813
393 814
393 815
393 816
393 855
393 856
393 857
393 861
393 864
393 867
393 872
393 875
393 880
393 882
393 885
393 889
393 892
393 895
393 896
393 897
393 898
393 904
393 905
393 908
393 909
393 910
393 915
393 916
393 919
393 922
393 923
393 951
393 959
393 960
393 961
393 966
393 967
393 968
393 969
393 970
393 987
393 994
393 995
393 1011
393 1012
393 1013
393 1014
393 1015
393 1024
393 1025
393 1026
393 1031
393 1074
393 1080
393 1085
393 1086
393 1087
393 1088
394 51
394 52
394 53
394 62
394 63
394 71
394 73
394 88
394 90
394 103
394 104
394 105
394 116
394 117
394 133
394 158
394 159
394 161
394 176
394 177
394 180
394 181
394 210
394 211
394 212
394 215
394 263
394 276
394 277
394 278
394 280
394 281
394 282
394 283
394 284
394 371
394 372
394 430
394 438
394 439
394 440
394 441
394 442
394 443
394 444
394 445
394 446
394 447
394 468
394 469
394 470
394 471
394 472
394 473
394 474
394 478
394 515
394 517
394 521
394 524
394 547
394 551
394 552
394 563
394 565
394 570
394 576
394 596
394 598
394 611
394 613
394 619
394 664
394 665
394 667
394 668
394 672
394 682
394 683
394 685
394 694
394 696
394 700
394 713
394 724
394 742
394 746
394 749
394 751
394 752
394 753
394 755
394 763
394 764
394 769
394 770
394 775
394 817
394 818
394 819
394 820
394 821
394 822
394 823
394 824
394 825
394 826
394 827
394 828
394 829
394 830
394 831
394 832
394 833
394 834
394 835
394 836
394 837
394 838
394 839
394 856
394 862
394 865
394 866
394 872
394 874
394 876
394 878
394 879
394 884
394 887
394 888
394 891
394 892
394 895
394 898
394 904
394 907
394 908
394 910
394 911
394 914
394 916
394 918
394 919
394 920
394 921
394 923
394 924
394 925
394 934
394 935
394 936
394 945
394 950
394 952
394 953
394 958
394 961
394 964
394 965
394 991
394 992
394 993
394 1062
394 1063
394 1074
395 88
395 91
395 92
395 93
395 94
395 114
395 117
395 133
395 156
395 159
395 160
395 177
395 178
395 197
395 198
395 199
395 200
395 202
395 203
395 204
395 212
395 213
395 259
395 261
395 262
395 263
395 264
395 265
395 269
395 270
395 271
395 272
395 275
395 276
395 279
395 372
395 373
395 415
395 431
395 436
395 437
395 438
395 462
395 463
395 464
395 465
395 466
395 467
395 474
395 475
395 476
395 477
395 478
395 515
395 517
395 521
395 547
395 552
395 555
395 563
395 570
395 576
395 596
395 598
395 610
395 614
395 620
395 664
395 667
395 669
395 671
395 672
395 673
395 674
395 683
395 685
395 693
395 696
395 700
395 713
395 724
395 725
395 742
395 746
395 748
395 749
395 751
395 755
395 757
395 764
395 771
395 775
395 793
395 796
395 800
395 801
395 802
395 804
395 806
395 807
395 808
395 840
395 841
395 842
395 843
395 844
395 845
395 846
395 847
395 848
395 849
395 850
395 851
395 852
395 853
395 854
395 855
395 856
395 857
395 858
395 859
395 860
395 861
395 862
395 863
395 872
395 877
395 885
395 886
395 891
395 895
395 897
395 903
395 907
395 911
395 913
395 914
395 916
395 919
395 921
395 925
395 926
395 927
395 928
395 929
395 930
395 933
395 934
395 936
395 944
395 945
395 946
395 947
395 949
395 950
395 953
395 954
395 958
395 962
395 963
395 964
395 991
395 1052
395 1053
395 1054
395 1055
395 1056
395 1057
395 1058
395 1059
395 1060
395 1061
395 1062
395 1070
395 1071
395 1072
395 1073
395 1074
396 156
396 157
396 159
396 179
396 180
396 201
396 202
396 204
396 205
396 214
396 215
396 217
396 259
396 260
396 266
396 267
396 268
396 270
396 271
396 273
396 274
396 279
396 280
396 282
396 366
396 367
396 368
396 371
396 372
396 407
396 408
396 409
396 410
396 411
396 412
396 413
396 414
396 415
396 427
396 428
396 432
396 433
396 434
396 435
396 436
396 457
396 458
396 459
396 460
396 461
396 464
396 473
396 479
396 515
396 516
396 520
396 547
396 552
396 554
396 556
396 563
396 565
396 570
396 576
396 596
396 598
396 610
396 612
396 613
396 615
396 616
396 617
396 619
396 620
396 624
396 663
396 666
396 667
396 670
396 671
396 683
396 685
396 693
396 696
396 700
396 713
396 725
396 742
396 746
396 748
396 751
396 755
396 757
396 764
396 765
396 770
396 771
396 772
396 775
396 776
396 777
396 793
396 794
396 795
396 802
396 803
396 809
396 810
396 811
396 812
396 813
396 814
396 815
396 816
396 817
396 818
396 819
396 820
396 821
396 822
396 823
396 824
396 825
396 863
396 871
396 872
396 878
396 889
396 890
396 892
396 893
396 897
396 900
396 907
396 908
396 911
396 912
396 913
396 916
396 918
396 920
396 921
396 923
396 931
396 932
396 933
396 936
396 940
396 941
396 942
396 944
396 947
396 950
396 951
396 955
396 956
396 957
396 958
396 959
396 960
396 961
396 991
396 992
396 993
396 994
396 995
396 1051
397 202
397 215
397 217
397 238
397 239
397 240
397 241
397 242
397 263
397 276
397 281
397 282
397 369
397 370
397 428
397 429
397 449
397 450
397 451
397 452
397 453
397 454
397 455
397 456
397 461
397 464
397 465
397 466
397 467
397 468
397 520
397 547
397 552
397 554
397 563
397 565
397 570
397 576
397 596
397 598
397 610
397 612
397 618
397 621
397 622
397 623
397 624
397 625
397 626
397 627
397 628
397 629
397 630
397 631
397 632
397 633
397 634
397 635
397 636
397 637
397 638
397 639
397 640
397 641
397 642
397 643
397 644
397 645
397 646
397 647
397 648
397 649
397 650
397 651
397 652
397 653
397 654
397 655
397 656
397 657
397 658
397 659
397 660
397 661
397 662
397 663
397 666
397 669
397 670
397 685
397 686
397 687
397 693
397 696
397 700
397 713
397 725
397 742
397 745
397 746
397 747
397 748
397 749
397 750
397 755
397 756
397 757
397 758
397 759
397 760
397 761
397 762
397 765
397 766
397 773
397 777
397 778
397 815
397 818
397 820
397 837
397 838
397 839
397 840
397 841
397 842
397 843
397 844
397 845
397 846
397 847
397 848
397 849
397 850
397 851
397 852
397 853
397 854
397 855
397 856
397 857
397 871
397 875
397 877
397 878
397 882
397 883
397 884
397 885
397 887
397 888
397 889
397 896
397 901
397 902
397 903
397 904
397 916
397 917
397 918
397 919
397 920
397 923
397 924
397 925
397 936
397 940
397 942
397 945
397 946
397 954
397 955
398 264
398 277
398 278
398 280
398 281
398 429
398 430
398 431
398 432
398 433
398 448
398 449
398 521
398 547
398 552
398 554
398 556
398 557
398 558
398 564
398 570
398 576
398 610
398 612
398 666
398 668
398 669
398 693
398 696
398 700
398 713
398 725
398 742
398 745
398 749
398 755
398 766
398 772
398 774
398 778
398 815
398 818
398 822
398 850
398 857
398 858
398 860
398 861
398 862
398 863
398 864
398 865
398 871
398 875
398 876
398 882
398 887
398 893
398 895
398 896
398 900
398 901
398 904
398 905
398 909
398 915
398 916
398 922
398 923
398 926
398 927
398 929
398 930
398 936
398 937
398 940
398 942
398 949
398 950
398 951
398 952
398 953
398 966
398 967
398 968
398 969
398 970
398 985
398 986
398 987
398 988
398 989
398 991
399 434
399 435
399 436
399 460
399 461
399 521
399 547
399 552
399 553
399 554
399 556
399 558
399 560
399 561
399 562
399 570
399 571
399 576
399 610
399 613
399 665
399 693
399 696
399 701
399 713
399 725
399 742
399 745
399 746
399 747
399 748
399 749
399 751
399 754
399 766
399 767
399 772
399 774
399 775
399 778
399 779
399 814
399 817
399 818
399 822
399 850
399 852
399 853
399 858
399 863
399 870
399 871
399 876
399 883
399 884
399 885
399 888
399 892
399 895
399 899
399 900
399 906
399 907
399 908
399 909
399 915
399 920
399 921
399 922
399 927
399 929
399 935
399 937
399 940
399 944
399 945
399 946
399 947
399 948
399 965
399 966
399 982
399 983
399 984
399 985
399 989
399 991
400 383
400 384
400 385
400 386
400 436
400 437
400 459
400 460
400 521
400 547
400 556
400 559
400 560
400 562
400 563
400 564
400 565
400 571
400 572
400 573
400 576
400 610
400 613
400 664
400 665
400 693
400 696
400 700
400 713
400 725
400 742
400 745
400 748
400 749
400 751
400 754
400 767
400 768
400 772
400 775
400 776
400 779
400 812
400 814
400 818
400 822
400 850
400 853
400 854
400 855
400 857
400 858
400 863
400 870
400 876
400 879
400 880
400 881
400 884
400 888
400 891
400 894
400 898
400 899
400 902
400 909
400 913
400 914
400 915
400 918
400 919
400 923
400 928
400 939
400 940
400 941
400 942
400 943
400 963
400 964
400 974
400 975
400 976
400 977
400 980
400 981
400 985
400 987
400 988
400 989
400 991
400 1004
400 1005
400 1006
401 438
401 453
401 454
401 455
401 456
401 457
401 458
401 521
401 522
401 523
401 524
401 545
401 546
401 547
401 556
401 559
401 563
401 573
401 576
401 610
401 613
401 664
401 693
401 696
401 700
401 713
401 725
401 742
401 745
401 749
401 751
401 754
401 768
401 771
401 776
401 779
401 812
401 813
401 814
401 818
401 822
401 850
401 858
401 862
401 870
401 879
401 882
401 884
401 887
401 888
401 891
401 894
401 897
401 898
401 902
401 903
401 904
401 905
401 911
401 912
401 916
401 918
401 923
401 927
401 936
401 937
401 938
401 972
401 973
401 974
401 977
401 979
401 980
401 985
401 991
401 992
401 1002
401 1003
401 1069
401 1070
401 1071
401 1072
401 1073
401 1074
401 1075
401 1076
401 1077
401 1078
401 1079
401 1080
402 541
402 542
402 543
402 544
402 547
402 548
402 549
402 550
402 551
402 556
402 563
402 573
402 577
402 590
402 610
402 613
402 663
402 664
402 692
402 696
402 700
402 713
402 725
402 742
402 745
402 749
402 751
402 754
402 768
402 769
402 775
402 776
402 777
402 779
402 814
402 818
402 820
402 822
402 850
402 858
402 862
402 869
402 870
402 880
402 884
402 885
402 886
402 887
402 890
402 894
402 896
402 902
402 903
402 907
402 908
402 909
402 910
402 914
402 915
402 916
402 917
402 918
402 923
402 925
402 926
402 927
402 930
402 931
402 932
402 933
402 934
402 935
402 936
402 950
402 971
402 972
402 978
402 980
402 981
402 985
402 990
402 991
402 993
402 1003
402 1004
402 1005
403 86
403 116
403 547
403 551
403 552
403 553
403 554
403 555
403 556
403 557
403 558
403 559
403 560
403 561
403 563
403 573
403 574
403 577
403 578
403 579
403 586
403 589
403 590
403 610
403 613
403 621
403 622
403 623
403 624
403 625
403 626
403 627
403 661
403 662
403 663
403 692
403 696
403 700
403 713
403 725
403 742
403 745
403 749
403 751
403 754
403 769
403 770
403 771
403 775
403 777
403 780
403 814
403 818
403 822
403 850
403 851
403 857
403 858
403 862
403 868
403 869
403 880
403 883
403 890
403 894
403 895
403 911
403 914
403 916
403 918
403 920
403 921
403 924
403 925
403 929
403 931
403 932
403 944
403 945
403 948
403 949
403 952
403 953
403 955
403 968
403 969
403 970
403 972
403 976
403 977
403 978
403 984
403 985
403 988
403 989
403 991
403 995
403 996
403 997
403 998
403 999
403 1000
403 1001
403 1002
404 610
404 614
404 615
404 616
404 617
404 618
404 619
404 620
404 628
404 629
404 630
404 631
404 632
404 633
404 634
404 635
404 636
404 637
404 638
404 639
404 640
404 641
404 642
404 643
404 644
404 645
404 646
404 647
404 648
404 649
404 650
404 651
404 652
404 653
404 654
404 655
404 656
404 657
404 658
404 660
404 661
404 692
404 696
404 700
404 713
404 715
404 725
404 742
404 745
404 749
404 751
404 754
404 755
404 770
404 773
404 775
404 777
404 778
404 781
404 814
404 818
404 823
404 851
404 852
404 853
404 854
404 855
404 857
404 862
404 867
404 868
404 878
404 880
404 882
404 914
404 916
404 919
404 921
404 922
404 924
404 931
404 937
404 939
404 940
404 947
404 948
404 953
404 954
404 966
404 970
404 973
404 974
404 975
404 976
404 979
404 980
404 981
404 984
404 988
404 992
404 993
404 994
404 995
404 1196
404 1197
404 1198
405 553
405 655
405 659
405 664
405 692
405 696
405 698
405 700
405 713
405 715
405 725
405 742
405 745
405 749
405 751
405 755
405 771
405 772
405 773
405 776
405 778
405 779
405 782
405 783
405 818
405 820
405 823
405 850
405 855
405 856
405 858
405 862
405 866
405 867
405 870
405 876
405 877
405 879
405 883
405 884
405 913
405 918
405 922
405 930
405 931
405 932
405 933
405 934
405 935
405 936
405 941
405 942
405 943
405 944
405 946
405 950
405 951
405 952
405 953
405 959
405 963
405 964
405 965
405 967
405 968
405 970
405 971
405 976
405 977
405 978
405 983
405 984
405 987
405 996
405 997
405 998
405 999
405 1000
405 1001
405 1002
405 1003
405 1004
405 1005
405 1006
405 1007
405 1008
405 1009
405 1010
405 1011
405 1012
405 1174
406 713
406 715
406 725
406 742
406 745
406 749
406 753
406 755
406 772
406 776
406 779
406 780
406 781
406 783
406 818
406 823
406 850
406 858
406 862
406 866
406 870
406 876
406 885
406 913
406 917
406 918
406 919
406 921
406 922
406 935
406 944
406 948
406 949
406 950
406 951
406 958
406 959
406 960
406 961
406 962
406 963
406 965
406 968
406 969
406 970
406 971
406 972
406 973
406 975
406 982
406 983
406 986
406 1123
406 1175
406 1176
407 772
407 773
407 776
407 779
407 784
407 818
407 822
407 850
407 858
407 861
407 867
407 868
407 869
407 875
407 877
407 879
407 885
407 886
407 887
407 914
407 915
407 916
407 919
407 920
407 923
407 927
407 931
407 935
407 938
407 942
407 943
407 945
407 946
407 947
407 957
407 958
407 962
407 965
407 966
407 973
407 974
407 978
407 979
407 982
407 989
407 990
407 991
407 1003
407 1004
407 1005
407 1006
407 1007
407 1008
407 1009
407 1010
407 1011
407 1012
407 1121
407 1123
407 1177
407 1178
407 1179
407 1180
407 1181
407 1182
407 1183
407 1184
407 1185
407 1186
407 1187
408 249
408 822
408 850
408 858
408 861
408 871
408 872
408 873
408 875
408 878
408 879
408 885
408 887
408 912
408 916
408 923
408 924
408 925
408 926
408 927
408 928
408 930
408 931
408 932
408 935
408 938
408 941
408 942
408 956
408 957
408 962
408 966
408 967
408 968
408 969
408 970
408 971
408 975
408 979
408 982
408 987
408 988
408 1121
408 1122
408 1123
408 1171
408 1172
408 1173
408 1174
408 1175
408 1176
408 1178
409 880
409 881
409 882
409 883
409 884
409 912
409 914
409 916
409 928
409 930
409 935
409 939
409 940
409 941
409 944
409 945
409 946
409 947
409 956
409 961
409 962
409 963
409 970
409 975
409 976
409 981
409 986
409 987
409 1121
409 1178
409 1179
409 1180
409 1181
409 1182
409 1183
410 936
410 937
410 938
410 955
410 956
410 961
410 972
410 976
410 979
410 980
410 985
410 986
410 1116
410 1117
411 782
411 1115
411 1118
412 1114
413 972
413 1112
413 1113
414 776
414 929
415 155
415 311
415 648
416 618
416 975
417 65
419 163
419 248
419 583
419 612
419 1083
420 183
420 191
420 891
421 165
421 565
421 696
421 913
422 652
422 968
423 148
425 875
425 877
427 720
430 1087
431 380
431 793
434 557
434 615
435 298
436 240
436 872
436 940
436 980
437 756
437 933
438 726
438 913
439 606
439 622
439 910
439 937
440 557
441 872
441 904
442 911
443 610
443 873
446 688
448 630
450 691
451 897
452 756
453 854
453 912
454 248
456 115
456 862
457 307
457 726
458 252
458 259
458 342
459 107
461 862
462 487
462 788
463 789
464 579
465 400
468 702
468 1062
469 693
470 414
470 683
471 453
472 1056
473 746
473 859
475 88
475 964
477 219
477 464
478 123
479 271
479 660
481 860
483 739
484 664
485 304
485 709
485 874
487 322
488 220
488 233
488 334
488 773
489 353
489 697
493 161
493 271
493 404
493 414
493 551
493 574
494 285
494 827
496 376
496 692
497 850
497 1088
498 816
498 921
498 1003
499 431
499 432
499 465
500 808
501 367
501 459
501 551
502 217
502 269
502 309
502 359
502 1178
503 307
503 723
506 184
506 185
506 275
506 718
511 1153
513 844
514 348
514 552
514 859
515 215
517 93
518 67
518 381
518 865
519 195
520 12
520 581
521 159
521 1156
523 1
523 18
523 48
523 179
524 717
525 301
525 741
525 933
526 314
527 560
529 553
531 718
532 556
536 180
537 38
537 178
539 337
540 175
540 490
541 1074
543 1082
544 312
545 1073
547 970
548 1162
549 935
549 977
550 382
550 1067
552 96
552 1064
552 1089
553 59
553 1080
554 936
555 166
555 1093
556 965
558 56
558 870
558 1008
558 1035
559 706
561 256
561 357
563 133
565 1010
566 130
566 284
566 724
566 1147
567 234
567 716
568 22
568 137
568 701
569 99
569 1013
570 172
571 1132
572 219
572 525
572 708
573 653
574 142
575 188
577 988
577 1126
578 361
578 1162
579 230
579 731
579 941
582 115
584 553
586 43
586 303
586 720
588 749
588 1057
589 569
590 300
590 372
591 93
591 336
592 116
593 311
593 702
593 717
595 60
596 268
596 577
597 173
597 375
598 280
598 283
599 519
600 292
601 122
601 259
601 293
603 699
605 511
606 168
607 104
607 420
607 470
607 894
608 240
608 361
608 958
608 976
609 109
609 1038
609 1081
610 281
610 480
610 935
611 1053
612 236
613 140
614 49
614 203
615 109
615 362
616 106
616 198
616 201
617 78
617 205
617 401
619 427
620 365
620 399
620 494
622 935
622 944
622 1018
623 182
623 403
623 918
624 133
624 343
624 405
624 495
624 530
625 95
625 99
625 997
626 528
626 1024
626 1138
627 57
627 543
628 54
628 498
630 379
631 67
631 368
633 427
634 455
635 507
636 41
636 262
637 567
642 547
643 253
643 272
643 1059
649 120
650 1162
651 863
653 661
655 80
659 112
660 884
661 885
664 967
669 991
688 992
700 891
702 981
704 578
705 979
712 974
714 1125
721 959
721 1140
725 1145
726 1169
728 957
731 998
735 892
738 888
742 1172
743 1168
748 509
751 1167
753 874
756 1175
757 1153
762 329
765 1116
770 326
775 731
778 711
780 700
780 705
784 542
785 707
789 625
