117 665
120 669
120 674
148 554
187 700
197 732
199 675
204 298
208 702
214 665
218 751
219 698
227 703
231 653
232 1146
234 775
239 775
243 703
244 797
246 640
247 776
248 1155
250 777
251 1096
254 1115
256 1182
261 638
264 1085
270 1153
271 1077
272 678
272 737
274 630
274 665
277 561
279 699
279 703
280 1091
282 592
282 612
282 627
284 682
286 697
287 653
289 747
291 1032
291 1139
292 617
292 1026
293 1067
294 801
296 723
297 438
299 1169
300 833
300 970
300 1105
300 1151
300 1199
301 581
302 941
303 1160
305 482
307 1000
308 809
308 951
309 603
310 610
310 988
312 644
312 947
314 10
315 0
315 989
316 985
317 1076
318 817
319 1003
320 1185
321 718
321 1003
323 587
324 4
325 948
326 641
326 1095
328 676
328 696
329 338
330 19
331 49
331 56
331 820
334 641
334 1118
335 51
335 268
336 25
336 668
336 790
336 1088
336 1093
337 262
338 104
339 164
340 652
340 702
341 582
342 138
342 340
342 1047
342 1152
343 958
345 789
345 1045
345 1097
348 713
348 1037
349 489
349 718
351 29
351 410
351 499
351 834
351 1045
354 376
354 1185
355 126
355 419
356 128
356 575
356 616
356 1154
357 932
359 586
359 625
360 953
360 1149
362 665
362 899
362 1135
363 525
364 970
365 865
365 994
365 1078
366 611
367 64
367 862
367 1005
368 103
368 344
368 629
368 1052
370 997
370 1138
371 686
371 1169
372 922
374 609
374 984
374 1035
375 508
375 596
375 1102
376 778
376 1030
376 1151
378 95
379 852
379 938
380 176
380 655
380 659
380 962
381 489
381 973
381 1002
382 619
382 924
384 550
384 974
385 447
385 848
385 923
386 140
386 584
386 626
386 985
386 1171
387 559
387 1086
389 147
389 1101
389 1102
390 61
392 231
392 520
392 536
392 1098
393 132
393 696
393 904
393 923
393 1085
394 116
394 724
395 133
396 260
396 520
396 816
397 631
397 903
398 556
400 117
400 521
402 274
404 882
407 991
408 745
409 296
411 818
413 698
415 196
415 955
416 950
418 789
419 246
420 319
420 321
420 1075
421 431
422 248
422 652
423 928
425 911
426 183
429 576
432 208
433 60
434 864
434 966
435 201
435 606
436 361
436 940
437 703
439 622
439 878
440 852
441 638
441 814
442 223
442 546
442 629
442 911
443 644
443 797
444 589
445 679
448 553
450 333
451 213
451 540
451 578
451 770
451 853
452 249
452 491
456 577
457 552
457 585
458 281
459 350
459 764
460 71
460 750
460 890
461 71
461 72
461 80
461 81
461 87
461 95
461 96
461 97
461 98
461 99
461 100
461 102
461 108
461 109
461 112
461 113
461 115
461 117
461 118
461 119
461 120
461 121
461 122
461 123
461 124
461 208
462 87
462 88
462 93
462 101
462 102
462 103
462 104
462 105
462 110
462 111
462 112
462 115
462 116
462 118
462 120
462 173
462 175
462 176
462 184
462 185
463 88
463 89
463 93
463 94
463 116
463 173
463 177
463 178
463 179
463 186
463 209
463 211
463 770
464 89
464 90
464 91
464 95
464 101
464 102
464 103
464 104
464 105
464 106
464 107
464 108
464 110
464 111
464 112
464 113
464 114
464 127
464 128
464 129
464 130
464 172
464 173
464 174
464 175
464 183
464 184
464 191
464 192
464 209
464 212
464 213
464 214
464 215
464 257
464 258
464 259
464 283
464 284
464 295
464 296
465 91
465 92
465 96
465 97
465 114
465 115
465 116
465 130
465 176
465 177
465 178
465 185
465 189
465 190
465 193
465 194
465 195
465 196
465 197
465 209
465 211
465 212
465 260
465 261
465 282
465 285
465 286
465 287
465 288
465 289
465 290
465 291
465 296
465 313
465 314
465 315
465 316
465 317
465 318
465 319
465 320
465 322
465 325
465 326
465 327
465 341
465 361
466 92
466 93
466 94
466 97
466 116
466 117
466 131
466 132
466 186
466 187
466 188
466 189
466 212
466 215
466 216
466 257
466 258
466 261
466 308
466 309
466 310
466 311
466 316
466 319
466 321
466 323
466 324
466 342
466 343
466 344
466 345
466 346
466 347
466 348
466 349
466 350
466 351
466 352
466 361
466 362
466 363
466 364
466 379
466 380
466 381
466 382
466 384
466 402
466 403
466 419
467 94
467 95
467 96
467 97
467 117
467 118
467 127
467 128
467 129
467 132
467 133
467 186
467 212
467 213
467 214
467 259
467 277
467 278
467 279
467 280
467 281
467 282
467 283
467 287
467 288
467 289
467 290
467 291
467 312
467 318
467 352
467 353
467 354
467 364
467 382
467 384
467 403
467 416
467 417
467 418
467 450
467 451
467 454
467 459
467 772
468 95
468 106
468 107
468 108
468 118
468 119
468 130
468 133
468 134
468 186
468 187
468 188
468 221
468 222
468 223
468 283
468 284
468 285
468 286
468 287
468 291
468 292
468 313
468 314
468 337
468 338
468 350
468 361
468 362
468 363
468 364
468 381
468 382
468 417
468 451
468 452
468 455
468 478
468 490
468 492
468 493
468 494
468 1060
469 55
469 56
469 57
469 95
469 108
469 109
469 123
469 124
469 125
469 126
469 127
469 131
469 135
469 136
469 137
469 138
469 139
469 140
469 188
469 189
469 190
469 191
469 192
469 193
469 219
469 220
469 223
469 224
469 280
469 281
469 292
469 293
469 294
469 314
469 315
469 338
469 339
469 348
469 349
469 350
469 382
469 383
469 384
469 385
469 412
469 416
469 419
469 420
469 421
469 452
469 453
469 454
469 455
469 478
469 479
469 480
469 490
469 493
469 494
469 547
469 563
469 565
469 567
469 569
469 585
469 586
469 589
469 657
469 1093
470 57
470 58
470 85
470 86
470 87
470 88
470 95
470 96
470 106
470 107
470 108
470 119
470 127
470 128
470 130
470 131
470 132
470 140
470 141
470 142
470 180
470 181
470 182
470 194
470 195
470 196
470 221
470 224
470 225
470 226
470 282
470 283
470 284
470 294
470 295
470 315
470 316
470 340
470 343
470 348
470 351
470 352
470 386
470 387
470 413
470 414
470 415
470 417
470 421
470 452
470 470
470 471
470 472
470 473
470 480
470 481
470 490
470 491
470 492
470 498
470 499
470 500
470 501
470 502
470 547
470 563
470 565
470 567
470 569
470 583
470 584
470 585
470 588
470 590
470 591
470 613
470 614
470 624
470 639
470 640
470 641
470 643
471 58
471 59
471 85
471 86
471 89
471 90
471 91
471 96
471 97
471 103
471 104
471 106
471 108
471 109
471 110
471 119
471 121
471 128
471 129
471 132
471 143
471 182
471 183
471 184
471 196
471 197
471 219
471 220
471 222
471 226
471 284
471 285
471 286
471 295
471 296
471 344
471 345
471 348
471 391
471 419
471 420
471 421
471 453
471 474
471 475
471 478
471 481
471 482
471 483
471 492
471 503
471 547
471 563
471 567
471 569
471 624
471 625
471 626
471 627
471 638
471 639
471 643
471 646
471 652
471 655
471 657
471 660
471 673
471 676
471 680
471 681
472 59
472 75
472 83
472 84
472 97
472 103
472 105
472 106
472 119
472 121
472 130
472 133
472 143
472 176
472 184
472 186
472 194
472 195
472 197
472 223
472 224
472 286
472 287
472 296
472 342
472 343
472 346
472 349
472 350
472 351
472 390
472 392
472 409
472 410
472 411
472 412
472 421
472 422
472 423
472 424
472 425
472 426
472 475
472 476
472 479
472 503
472 547
472 550
472 551
472 563
472 567
472 570
472 582
472 583
472 590
472 597
472 598
472 627
472 640
472 641
472 642
472 645
472 646
472 652
472 653
472 655
472 657
472 660
472 673
472 676
472 679
472 680
472 740
472 741
472 754
472 756
472 757
473 59
473 60
473 71
473 72
473 73
473 74
473 84
473 85
473 89
473 90
473 98
473 105
473 114
473 115
473 116
473 117
473 118
473 119
473 121
473 130
473 133
473 144
473 176
473 177
473 178
473 179
473 184
473 186
473 187
473 225
473 235
473 236
473 238
473 239
473 245
473 282
473 283
473 287
473 288
473 289
473 290
473 291
473 292
473 293
473 294
473 295
473 343
473 344
473 347
473 366
473 390
473 393
473 409
473 412
473 413
473 414
473 426
473 427
473 477
473 479
473 480
473 481
473 503
473 547
473 550
473 553
473 563
473 568
473 570
473 583
473 590
473 598
473 614
473 624
473 625
473 627
473 645
473 649
473 652
473 653
473 655
473 657
473 660
473 661
473 673
473 676
473 678
473 679
473 739
473 742
473 743
473 744
473 746
473 751
473 752
473 753
473 754
473 755
473 762
473 766
473 768
473 770
473 781
473 782
474 60
474 61
474 62
474 65
474 66
474 67
474 68
474 69
474 70
474 74
474 86
474 88
474 89
474 99
474 100
474 101
474 118
474 121
474 125
474 131
474 133
474 144
474 180
474 184
474 187
474 237
474 245
474 246
474 280
474 284
474 285
474 286
474 341
474 344
474 345
474 347
474 348
474 366
474 367
474 390
474 391
474 409
474 410
474 414
474 415
474 427
474 428
474 477
474 481
474 482
474 483
474 523
474 524
474 525
474 526
474 527
474 528
474 529
474 530
474 531
474 532
474 533
474 534
474 535
474 536
474 537
474 538
474 539
474 540
474 541
474 542
474 543
474 544
474 545
474 547
474 548
474 549
474 554
474 563
474 564
474 568
474 571
474 583
474 584
474 585
474 586
474 589
474 590
474 596
474 597
474 598
474 599
474 600
474 613
474 625
474 627
474 637
474 638
474 639
474 644
474 646
474 647
474 649
474 650
474 651
474 652
474 655
474 656
474 661
474 662
474 663
474 673
474 676
474 677
474 678
474 745
474 747
474 748
474 749
474 750
474 757
474 758
474 760
474 761
474 762
474 766
474 768
474 770
474 775
474 781
474 782
474 845
474 846
474 857
474 860
474 863
474 865
474 866
475 63
475 64
475 86
475 87
475 88
475 101
475 102
475 103
475 105
475 106
475 116
475 117
475 118
475 121
475 122
475 124
475 127
475 131
475 134
475 144
475 145
475 174
475 175
475 176
475 177
475 178
475 181
475 184
475 185
475 247
475 248
475 249
475 250
475 281
475 282
475 342
475 343
475 368
475 369
475 391
475 392
475 393
475 410
475 429
475 465
475 466
475 467
475 468
475 469
475 470
475 471
475 472
475 473
475 474
475 475
475 478
475 522
475 547
475 554
475 555
475 556
475 557
475 558
475 559
475 560
475 561
475 564
475 568
475 572
475 573
475 574
475 575
475 576
475 577
475 586
475 587
475 588
475 589
475 592
475 595
475 601
475 602
475 603
475 604
475 605
475 606
475 609
475 610
475 611
475 612
475 613
475 627
475 631
475 633
475 634
475 635
475 636
475 640
475 641
475 642
475 653
475 656
475 659
475 661
475 663
475 673
475 676
475 759
475 766
475 768
475 775
475 776
475 777
475 778
475 779
475 780
475 781
475 782
475 846
475 855
475 857
475 861
475 862
475 863
475 897
475 898
475 899
475 900
475 903
475 904
476 104
476 109
476 110
476 111
476 112
476 113
476 114
476 115
476 116
476 117
476 122
476 124
476 128
476 131
476 134
476 135
476 145
476 147
476 148
476 178
476 179
476 182
476 183
476 211
476 212
476 213
476 214
476 215
476 247
476 250
476 260
476 282
476 344
476 352
476 370
476 418
476 467
476 476
476 479
476 480
476 481
476 482
476 547
476 548
476 562
476 565
476 566
476 568
476 569
476 570
476 577
476 592
476 594
476 595
476 606
476 607
476 608
476 613
476 622
476 626
476 630
476 631
476 632
476 642
476 646
476 654
476 656
476 660
476 663
476 673
476 675
476 709
476 710
476 766
476 769
476 777
476 782
476 841
476 842
476 843
476 846
476 855
476 856
476 857
476 859
476 863
476 900
476 901
476 902
476 903
476 934
476 935
476 958
476 959
476 961
476 962
476 963
476 964
477 89
477 103
477 104
477 118
477 122
477 123
477 124
477 125
477 126
477 127
477 132
477 135
477 145
477 146
477 179
477 180
477 183
477 216
477 217
477 218
477 219
477 247
477 248
477 249
477 250
477 251
477 259
477 261
477 262
477 263
477 264
477 265
477 266
477 267
477 268
477 315
477 316
477 317
477 345
477 346
477 353
477 354
477 355
477 370
477 410
477 411
477 412
477 418
477 421
477 422
477 458
477 459
477 460
477 461
477 462
477 463
477 464
477 465
477 468
477 483
477 484
477 547
477 551
477 552
477 553
477 554
477 555
477 556
477 557
477 558
477 559
477 562
477 571
477 572
477 573
477 574
477 575
477 578
477 592
477 593
477 608
477 609
477 613
477 623
477 625
477 629
477 630
477 645
477 653
477 654
477 655
477 657
477 658
477 659
477 663
477 673
477 675
477 710
477 711
477 767
477 769
477 777
477 782
477 841
477 843
477 846
477 858
477 860
477 861
477 863
477 864
477 900
477 936
477 950
477 951
477 954
477 956
477 957
477 958
478 90
478 103
478 105
478 106
478 107
478 108
478 109
478 110
478 116
478 117
478 118
478 123
478 132
478 133
478 135
478 136
478 146
478 180
478 181
478 252
478 253
478 254
478 255
478 258
478 269
478 270
478 271
478 272
478 273
478 274
478 300
478 311
478 312
478 313
478 314
478 317
478 318
478 355
478 370
478 410
478 412
478 417
478 418
478 420
478 423
478 465
478 466
478 468
478 484
478 485
478 486
478 510
478 511
478 512
478 547
478 559
478 560
478 561
478 562
478 571
478 576
478 578
478 609
478 610
478 611
478 616
478 617
478 618
478 624
478 628
478 629
478 644
478 645
478 646
478 650
478 651
478 652
478 653
478 659
478 660
478 663
478 673
478 676
478 703
478 711
478 712
478 767
478 769
478 782
478 841
478 843
478 846
478 858
478 863
478 866
478 867
478 868
478 936
478 951
478 952
478 954
478 1051
478 1054
478 1055
478 1056
478 1057
478 1058
478 1059
479 90
479 93
479 94
479 102
479 103
479 110
479 111
479 112
479 118
479 119
479 123
479 133
479 136
479 146
479 182
479 195
479 196
479 197
479 198
479 250
479 256
479 258
479 259
479 260
479 271
479 281
479 288
479 299
479 300
479 301
479 302
479 303
479 304
479 305
479 306
479 307
479 308
479 309
479 310
479 352
479 353
479 356
479 370
479 372
479 375
479 410
479 413
479 416
479 418
479 419
479 421
479 466
479 468
479 510
479 548
479 559
479 562
479 572
479 574
479 576
479 578
479 579
479 580
479 581
479 582
479 583
479 584
479 585
479 586
479 587
479 588
479 589
479 590
479 591
479 592
479 593
479 594
479 595
479 596
479 597
479 598
479 599
479 600
479 606
479 607
479 608
479 609
479 616
479 619
479 620
479 621
479 622
479 624
479 625
479 627
479 628
479 645
479 646
479 649
479 650
479 660
479 661
479 664
479 673
479 676
479 704
479 732
479 733
479 766
479 773
479 782
479 841
479 843
479 846
479 863
479 865
479 868
479 936
479 952
479 954
479 1051
479 1052
479 1053
479 1054
479 1056
480 91
480 94
480 95
480 96
480 103
480 104
480 105
480 119
480 120
480 124
480 133
480 136
480 146
480 147
480 196
480 224
480 251
480 252
480 253
480 254
480 255
480 261
480 262
480 263
480 265
480 271
480 281
480 282
480 288
480 289
480 292
480 300
480 310
480 311
480 312
480 314
480 315
480 316
480 317
480 353
480 357
480 358
480 371
480 373
480 374
480 375
480 376
480 377
480 378
480 379
480 400
480 401
480 402
480 403
480 410
480 413
480 419
480 420
480 421
480 426
480 548
480 560
480 563
480 572
480 573
480 574
480 576
480 578
480 615
480 616
480 618
480 624
480 625
480 626
480 627
480 631
480 632
480 646
480 649
480 650
480 655
480 656
480 657
480 658
480 661
480 662
480 673
480 676
480 700
480 701
480 702
480 703
480 704
480 731
480 733
480 738
480 766
480 773
480 782
480 841
480 842
480 843
480 846
480 863
480 866
480 869
480 952
480 953
480 954
480 1050
480 1051
480 1058
480 1059
480 1111
480 1112
480 1113
480 1114
480 1115
480 1116
480 1117
481 90
481 95
481 105
481 106
481 107
481 113
481 120
481 121
481 122
481 124
481 134
481 137
481 147
481 148
481 196
481 197
481 198
481 222
481 223
481 225
481 226
481 227
481 228
481 265
481 266
481 267
481 268
481 269
481 270
481 271
481 279
481 280
481 282
481 283
481 289
481 290
481 293
481 294
481 300
481 312
481 313
481 354
481 355
481 358
481 359
481 400
481 410
481 413
481 414
481 415
481 422
481 423
481 424
481 425
481 426
481 427
481 428
481 470
481 471
481 547
481 560
481 561
481 563
481 578
481 583
481 584
481 585
481 586
481 587
481 588
481 589
481 590
481 591
481 592
481 593
481 594
481 598
481 599
481 600
481 613
481 614
481 618
481 624
481 630
481 632
481 633
481 634
481 635
481 636
481 646
481 648
481 649
481 663
481 673
481 675
481 676
481 700
481 714
481 715
481 716
481 717
481 718
481 719
481 720
481 733
481 734
481 736
481 737
481 738
481 763
481 764
481 765
481 766
481 768
481 773
481 775
481 780
481 781
481 782
481 841
481 843
481 845
481 852
481 853
481 858
481 860
481 863
481 866
481 868
481 1048
481 1049
481 1051
481 1052
481 1053
481 1054
481 1055
481 1056
481 1057
481 1058
482 91
482 92
482 93
482 94
482 95
482 109
482 110
482 111
482 112
482 114
482 115
482 122
482 125
482 134
482 137
482 148
482 199
482 200
482 201
482 202
482 203
482 204
482 205
482 229
482 230
482 259
482 260
482 261
482 262
482 284
482 285
482 291
482 294
482 295
482 301
482 302
482 303
482 304
482 305
482 308
482 309
482 310
482 327
482 328
482 356
482 357
482 359
482 360
482 409
482 410
482 411
482 415
482 416
482 417
482 418
482 419
482 420
482 428
482 429
482 430
482 431
482 472
482 473
482 474
482 475
482 476
482 477
482 544
482 545
482 546
482 547
482 555
482 556
482 557
482 561
482 563
482 564
482 565
482 570
482 571
482 575
482 579
482 580
482 595
482 596
482 597
482 598
482 613
482 617
482 644
482 645
482 647
482 653
482 654
482 657
482 658
482 659
482 660
482 661
482 664
482 665
482 666
482 673
482 676
482 696
482 697
482 698
482 699
482 700
482 713
482 714
482 720
482 721
482 727
482 730
482 731
482 734
482 735
482 740
482 741
482 742
482 766
482 769
482 774
482 776
482 779
482 780
482 841
482 843
482 846
482 852
482 853
482 854
482 858
482 860
482 863
482 866
482 869
482 1041
482 1047
482 1056
483 95
483 102
483 106
483 118
483 119
483 120
483 121
483 122
483 123
483 125
483 134
483 137
483 148
483 165
483 166
483 167
483 196
483 197
483 205
483 206
483 207
483 225
483 226
483 227
483 231
483 232
483 244
483 260
483 264
483 265
483 266
483 267
483 268
483 269
483 279
483 280
483 283
483 285
483 286
483 287
483 288
483 289
483 291
483 292
483 305
483 306
483 307
483 311
483 312
483 313
483 314
483 316
483 317
483 319
483 320
483 328
483 329
483 330
483 348
483 349
483 350
483 351
483 360
483 370
483 371
483 399
483 411
483 412
483 413
483 422
483 423
483 424
483 432
483 433
483 434
483 465
483 466
483 467
483 468
483 469
483 470
483 471
483 547
483 548
483 549
483 554
483 558
483 559
483 561
483 563
483 564
483 566
483 568
483 569
483 571
483 575
483 576
483 577
483 578
483 582
483 595
483 598
483 602
483 603
483 604
483 605
483 606
483 607
483 608
483 609
483 610
483 611
483 612
483 613
483 616
483 618
483 619
483 620
483 621
483 622
483 623
483 628
483 629
483 635
483 650
483 651
483 654
483 655
483 666
483 667
483 673
483 677
483 693
483 694
483 696
483 698
483 700
483 702
483 703
483 710
483 711
483 712
483 721
483 722
483 723
483 724
483 726
483 728
483 731
483 732
483 737
483 738
483 739
483 742
483 743
483 744
483 745
483 766
483 769
483 774
483 776
483 778
483 779
483 841
483 843
483 846
483 848
483 849
483 850
483 851
483 852
483 854
483 856
483 858
483 860
483 861
483 863
483 867
483 868
483 1040
483 1041
483 1046
483 1047
483 1051
483 1052
483 1053
483 1054
483 1055
483 1079
483 1080
483 1081
483 1082
484 102
484 103
484 104
484 105
484 106
484 110
484 111
484 112
484 113
484 125
484 135
484 137
484 148
484 151
484 155
484 156
484 157
484 158
484 168
484 198
484 199
484 200
484 201
484 202
484 226
484 228
484 229
484 232
484 244
484 245
484 246
484 247
484 259
484 260
484 269
484 279
484 281
484 282
484 283
484 292
484 293
484 294
484 301
484 302
484 303
484 307
484 318
484 320
484 321
484 330
484 331
484 372
484 373
484 374
484 379
484 380
484 381
484 397
484 398
484 400
484 401
484 402
484 414
484 415
484 419
484 420
484 421
484 424
484 472
484 473
484 548
484 554
484 560
484 563
484 569
484 571
484 582
484 594
484 595
484 596
484 597
484 598
484 602
484 605
484 612
484 614
484 615
484 616
484 623
484 627
484 628
484 629
484 630
484 635
484 636
484 637
484 638
484 639
484 640
484 641
484 642
484 645
484 646
484 652
484 655
484 656
484 661
484 662
484 663
484 664
484 667
484 668
484 673
484 676
484 695
484 704
484 710
484 712
484 726
484 728
484 732
484 733
484 734
484 735
484 736
484 737
484 745
484 767
484 769
484 777
484 778
484 826
484 827
484 828
484 841
484 844
484 846
484 852
484 854
484 857
484 858
484 859
484 862
484 863
484 865
484 866
484 868
484 874
484 1039
484 1040
484 1046
484 1048
484 1051
484 1053
484 1082
484 1174
484 1175
485 80
485 81
485 82
485 83
485 84
485 101
485 102
485 106
485 107
485 114
485 115
485 116
485 117
485 118
485 119
485 125
485 138
485 148
485 149
485 150
485 151
485 152
485 153
485 154
485 158
485 159
485 160
485 161
485 162
485 163
485 164
485 165
485 166
485 168
485 169
485 203
485 204
485 205
485 206
485 207
485 229
485 230
485 231
485 232
485 243
485 244
485 247
485 248
485 260
485 261
485 270
485 271
485 289
485 304
485 305
485 308
485 318
485 331
485 332
485 370
485 375
485 378
485 382
485 383
485 396
485 399
485 403
485 404
485 405
485 411
485 415
485 417
485 418
485 421
485 422
485 425
485 426
485 473
485 547
485 548
485 550
485 551
485 554
485 555
485 556
485 557
485 558
485 563
485 569
485 571
485 577
485 581
485 582
485 604
485 614
485 620
485 621
485 622
485 623
485 627
485 643
485 644
485 646
485 651
485 652
485 656
485 661
485 664
485 665
485 668
485 669
485 673
485 676
485 695
485 697
485 701
485 702
485 703
485 709
485 710
485 712
485 726
485 728
485 737
485 745
485 767
485 769
485 774
485 775
485 776
485 826
485 828
485 841
485 844
485 846
485 852
485 854
485 857
485 864
485 869
485 874
485 1045
485 1048
485 1050
485 1053
485 1081
485 1082
485 1130
485 1131
485 1132
485 1133
485 1171
485 1172
485 1173
486 79
486 80
486 103
486 104
486 105
486 108
486 120
486 121
486 122
486 123
486 124
486 125
486 126
486 127
486 128
486 129
486 130
486 131
486 132
486 133
486 134
486 135
486 136
486 137
486 138
486 149
486 225
486 226
486 227
486 244
486 249
486 250
486 251
486 252
486 253
486 254
486 255
486 256
486 259
486 261
486 262
486 263
486 264
486 282
486 283
486 284
486 285
486 286
486 287
486 288
486 289
486 292
486 305
486 306
486 309
486 310
486 318
486 319
486 322
486 330
486 331
486 371
486 372
486 373
486 376
486 378
486 379
486 380
486 400
486 405
486 406
486 407
486 411
486 413
486 414
486 415
486 418
486 422
486 427
486 428
486 429
486 430
486 547
486 551
486 552
486 559
486 569
486 571
486 573
486 575
486 576
486 578
486 583
486 584
486 585
486 586
486 587
486 588
486 589
486 590
486 591
486 592
486 593
486 594
486 595
486 596
486 597
486 598
486 628
486 629
486 646
486 661
486 662
486 669
486 670
486 673
486 675
486 676
486 677
486 695
486 697
486 701
486 709
486 712
486 715
486 716
486 717
486 718
486 719
486 720
486 721
486 722
486 726
486 728
486 731
486 733
486 737
486 745
486 767
486 769
486 774
486 828
486 841
486 844
486 846
486 847
486 852
486 854
486 855
486 857
486 865
486 869
486 874
486 1047
486 1048
486 1052
486 1053
486 1081
486 1133
486 1170
486 1171
487 79
487 102
487 109
487 110
487 139
487 140
487 141
487 142
487 143
487 144
487 149
487 166
487 167
487 182
487 183
487 184
487 185
487 186
487 187
487 188
487 190
487 191
487 192
487 193
487 194
487 195
487 196
487 197
487 198
487 199
487 200
487 201
487 202
487 203
487 204
487 205
487 206
487 207
487 208
487 209
487 210
487 211
487 212
487 259
487 265
487 266
487 267
487 268
487 269
487 270
487 271
487 272
487 273
487 274
487 275
487 276
487 277
487 278
487 279
487 280
487 281
487 282
487 291
487 292
487 293
487 294
487 295
487 296
487 297
487 298
487 307
487 310
487 311
487 319
487 320
487 322
487 323
487 373
487 374
487 381
487 382
487 401
487 402
487 403
487 407
487 409
487 410
487 411
487 415
487 417
487 418
487 423
487 424
487 425
487 429
487 433
487 547
487 552
487 559
487 563
487 564
487 573
487 574
487 575
487 578
487 580
487 582
487 599
487 600
487 601
487 602
487 603
487 604
487 605
487 606
487 607
487 608
487 609
487 610
487 611
487 612
487 613
487 614
487 615
487 616
487 617
487 672
487 673
487 675
487 677
487 678
487 679
487 680
487 681
487 682
487 683
487 694
487 695
487 697
487 701
487 708
487 709
487 712
487 726
487 728
487 731
487 734
487 735
487 736
487 737
487 745
487 767
487 769
487 770
487 773
487 774
487 833
487 834
487 836
487 837
487 838
487 839
487 841
487 844
487 847
487 852
487 853
487 854
487 856
487 861
487 865
487 866
487 869
487 874
487 875
487 1052
487 1080
487 1129
487 1130
487 1131
487 1132
487 1133
487 1171
487 1173
487 1174
488 79
488 102
488 111
488 112
488 113
488 123
488 128
488 129
488 131
488 151
488 152
488 153
488 154
488 155
488 156
488 157
488 158
488 159
488 160
488 161
488 162
488 163
488 164
488 165
488 168
488 169
488 170
488 171
488 172
488 173
488 174
488 175
488 176
488 177
488 178
488 179
488 180
488 181
488 189
488 213
488 214
488 215
488 216
488 217
488 218
488 219
488 220
488 221
488 222
488 223
488 224
488 225
488 226
488 227
488 228
488 229
488 230
488 231
488 232
488 233
488 247
488 248
488 249
488 250
488 251
488 252
488 304
488 305
488 311
488 312
488 313
488 314
488 315
488 316
488 324
488 325
488 326
488 327
488 328
488 329
488 330
488 331
488 332
488 333
488 334
488 335
488 336
488 337
488 338
488 339
488 340
488 341
488 342
488 343
488 344
488 346
488 347
488 348
488 349
488 350
488 351
488 352
488 375
488 376
488 378
488 408
488 415
488 419
488 421
488 426
488 427
488 428
488 429
488 432
488 434
488 437
488 547
488 550
488 552
488 553
488 557
488 559
488 560
488 565
488 566
488 567
488 571
488 576
488 578
488 581
488 582
488 583
488 618
488 619
488 620
488 621
488 622
488 623
488 624
488 625
488 626
488 627
488 628
488 629
488 630
488 631
488 632
488 633
488 634
488 635
488 636
488 637
488 638
488 639
488 640
488 641
488 642
488 643
488 644
488 645
488 646
488 647
488 648
488 649
488 650
488 651
488 652
488 653
488 654
488 655
488 656
488 657
488 658
488 659
488 660
488 661
488 662
488 663
488 664
488 665
488 666
488 667
488 668
488 669
488 670
488 671
488 672
488 684
488 685
488 686
488 687
488 688
488 689
488 690
488 691
488 692
488 693
488 697
488 702
488 703
488 704
488 705
488 706
488 707
488 708
488 712
488 713
488 714
488 715
488 716
488 717
488 718
488 719
488 720
488 721
488 722
488 723
488 724
488 725
488 726
488 728
488 731
488 745
488 772
488 773
488 824
488 825
488 826
488 827
488 828
488 829
488 830
488 831
488 832
488 835
488 839
488 841
488 844
488 847
488 854
488 856
488 861
488 865
488 869
488 875
488 876
488 912
488 913
488 1069
488 1070
488 1071
488 1172
489 79
489 94
489 100
489 101
489 102
489 103
489 112
489 113
489 114
489 128
489 131
489 133
489 134
489 135
489 136
489 137
489 138
489 139
489 140
489 141
489 143
489 144
489 145
489 148
489 157
489 163
489 234
489 235
489 236
489 237
489 238
489 239
489 240
489 241
489 242
489 243
489 244
489 245
489 246
489 251
489 253
489 254
489 255
489 256
489 257
489 258
489 259
489 260
489 261
489 262
489 263
489 264
489 265
489 266
489 267
489 268
489 269
489 270
489 271
489 272
489 273
489 274
489 275
489 276
489 277
489 278
489 279
489 280
489 281
489 282
489 285
489 286
489 287
489 288
489 289
489 290
489 291
489 292
489 293
489 294
489 295
489 296
489 330
489 332
489 341
489 353
489 376
489 378
489 379
489 408
489 409
489 410
489 411
489 412
489 417
489 420
489 421
489 430
489 431
489 438
489 439
489 441
489 491
489 547
489 551
489 552
489 554
489 555
489 556
489 560
489 561
489 562
489 563
489 564
489 565
489 567
489 571
489 574
489 577
489 578
489 581
489 592
489 593
489 594
489 595
489 596
489 609
489 610
489 611
489 697
489 701
489 702
489 726
489 728
489 731
489 734
489 735
489 736
489 743
489 744
489 745
489 749
489 750
489 751
489 752
489 753
489 754
489 755
489 756
489 757
489 758
489 759
489 760
489 761
489 762
489 763
489 764
489 765
489 766
489 767
489 768
489 769
489 771
489 772
489 820
489 821
489 822
489 823
489 839
489 841
489 844
489 846
489 847
489 856
489 861
489 869
489 876
489 911
489 1068
489 1069
489 1074
489 1084
489 1085
489 1086
489 1106
489 1107
489 1108
489 1111
489 1112
489 1113
489 1168
489 1172
490 79
490 94
490 95
490 96
490 97
490 98
490 99
490 103
490 115
490 116
490 117
490 127
490 142
490 143
490 145
490 148
490 150
490 157
490 162
490 163
490 222
490 223
490 226
490 283
490 284
490 297
490 298
490 299
490 300
490 301
490 302
490 303
490 304
490 305
490 306
490 307
490 308
490 309
490 310
490 311
490 312
490 313
490 341
490 342
490 343
490 344
490 345
490 346
490 347
490 363
490 364
490 367
490 368
490 369
490 370
490 371
490 372
490 373
490 374
490 375
490 377
490 379
490 380
490 381
490 382
490 384
490 385
490 386
490 387
490 388
490 389
490 390
490 391
490 392
490 393
490 394
490 395
490 396
490 397
490 398
490 399
490 400
490 415
490 418
490 421
490 431
490 436
490 439
490 441
490 442
490 486
490 487
490 488
490 489
490 490
490 491
490 492
490 493
490 547
490 551
490 565
490 567
490 568
490 571
490 572
490 573
490 574
490 577
490 578
490 581
490 625
490 626
490 627
490 673
490 674
490 675
490 676
490 677
490 678
490 679
490 680
490 681
490 682
490 683
490 684
490 685
490 686
490 687
490 688
490 694
490 697
490 701
490 725
490 726
490 727
490 729
490 731
490 734
490 736
490 743
490 745
490 749
490 770
490 821
490 839
490 841
490 844
490 845
490 846
490 850
490 856
490 858
490 859
490 866
490 867
490 869
490 876
490 910
490 1068
490 1071
490 1072
490 1073
490 1087
490 1088
490 1105
490 1110
490 1111
490 1113
490 1114
490 1140
490 1141
490 1142
490 1150
490 1151
490 1152
490 1153
490 1154
490 1155
490 1156
490 1157
490 1158
490 1159
490 1160
490 1161
490 1162
490 1163
490 1164
490 1165
490 1166
490 1167
491 79
491 89
491 90
491 91
491 92
491 93
491 99
491 103
491 104
491 105
491 106
491 107
491 108
491 109
491 110
491 111
491 112
491 118
491 119
491 120
491 121
491 122
491 123
491 124
491 125
491 126
491 127
491 130
491 142
491 148
491 150
491 222
491 245
491 275
491 277
491 314
491 315
491 316
491 317
491 318
491 319
491 320
491 321
491 322
491 323
491 324
491 325
491 326
491 327
491 328
491 329
491 330
491 402
491 403
491 404
491 405
491 408
491 409
491 410
491 411
491 412
491 416
491 421
491 422
491 430
491 431
491 432
491 437
491 439
491 442
491 493
491 494
491 497
491 547
491 551
491 556
491 557
491 558
491 559
491 560
491 564
491 565
491 568
491 569
491 570
491 571
491 574
491 575
491 576
491 581
491 694
491 697
491 701
491 729
491 732
491 736
491 737
491 738
491 739
491 740
491 743
491 746
491 749
491 820
491 821
491 838
491 841
491 844
491 850
491 856
491 859
491 860
491 866
491 868
491 877
491 906
491 910
491 1069
491 1070
491 1071
491 1088
491 1090
491 1091
491 1092
491 1095
491 1097
491 1100
491 1101
491 1102
491 1105
491 1107
491 1108
491 1109
491 1110
491 1114
491 1115
491 1116
491 1117
491 1143
491 1144
491 1145
491 1146
491 1147
491 1148
491 1149
491 1150
492 95
492 96
492 97
492 98
492 99
492 100
492 128
492 129
492 130
492 131
492 132
492 133
492 134
492 135
492 136
492 137
492 138
492 139
492 140
492 141
492 142
492 144
492 147
492 150
492 152
492 162
492 163
492 164
492 165
492 166
492 167
492 168
492 169
492 170
492 171
492 172
492 173
492 174
492 175
492 176
492 177
492 178
492 179
492 180
492 181
492 182
492 183
492 184
492 185
492 186
492 187
492 188
492 189
492 190
492 191
492 192
492 193
492 194
492 195
492 196
492 197
492 198
492 199
492 200
492 201
492 202
492 203
492 204
492 205
492 206
492 207
492 208
492 209
492 210
492 211
492 212
492 213
492 214
492 215
492 216
492 217
492 218
492 219
492 220
492 221
492 222
492 223
492 224
492 225
492 226
492 227
492 228
492 229
492 230
492 231
492 232
492 233
492 234
492 235
492 236
492 237
492 238
492 239
492 240
492 241
492 242
492 243
492 244
492 245
492 275
492 277
492 329
492 331
492 332
492 333
492 334
492 335
492 336
492 337
492 338
492 339
492 340
492 341
492 342
492 346
492 347
492 348
492 349
492 350
492 351
492 352
492 353
492 354
492 355
492 356
492 357
492 358
492 359
492 360
492 361
492 362
492 363
492 364
492 365
492 366
492 367
492 368
492 369
492 370
492 371
492 372
492 373
492 374
492 375
492 380
492 381
492 382
492 383
492 384
492 385
492 395
492 396
492 397
492 413
492 414
492 423
492 424
492 425
492 426
492 427
492 430
492 436
492 439
492 442
492 443
492 445
492 495
492 496
492 497
492 547
492 548
492 549
492 550
492 551
492 552
492 553
492 554
492 555
492 556
492 561
492 562
492 563
492 566
492 572
492 573
492 574
492 577
492 578
492 581
492 692
492 693
492 697
492 701
492 721
492 722
492 723
492 724
492 725
492 726
492 727
492 729
492 730
492 733
492 738
492 740
492 741
492 743
492 746
492 749
492 751
492 752
492 753
492 754
492 755
492 756
492 761
492 762
492 812
492 813
492 814
492 815
492 816
492 817
492 818
492 819
492 837
492 838
492 841
492 844
492 850
492 851
492 856
492 859
492 860
492 861
492 862
492 866
492 868
492 877
492 878
492 879
492 880
492 905
492 906
492 907
492 908
492 909
492 1068
492 1069
492 1089
492 1092
492 1093
492 1094
492 1095
492 1096
492 1098
492 1099
492 1105
492 1106
492 1107
493 91
493 92
493 93
493 94
493 143
493 144
493 145
493 146
493 151
493 152
493 155
493 156
493 157
493 158
493 159
493 160
493 161
493 246
493 247
493 248
493 249
493 250
493 251
493 252
493 253
493 254
493 255
493 256
493 257
493 258
493 259
493 260
493 261
493 262
493 263
493 264
493 265
493 266
493 267
493 268
493 269
493 270
493 271
493 272
493 273
493 274
493 275
493 276
493 277
493 331
493 343
493 344
493 345
493 376
493 377
493 378
493 379
493 386
493 387
493 388
493 389
493 390
493 391
493 392
493 393
493 394
493 398
493 399
493 400
493 401
493 402
493 403
493 404
493 405
493 406
493 412
493 413
493 414
493 415
493 419
493 420
493 421
493 427
493 428
493 429
493 430
493 439
493 444
493 551
493 558
493 559
493 566
493 567
493 574
493 575
493 577
493 578
493 579
493 581
493 691
493 692
493 697
493 700
493 730
493 731
493 733
493 737
493 738
493 741
493 742
493 743
493 746
493 749
493 757
493 758
493 759
493 760
493 761
493 810
493 811
493 832
493 833
493 834
493 835
493 836
493 841
493 844
493 846
493 852
493 853
493 854
493 855
493 856
493 858
493 860
493 863
493 866
493 868
493 905
493 1002
493 1003
493 1004
493 1005
493 1006
493 1007
493 1008
493 1009
493 1010
493 1011
493 1012
493 1013
493 1014
493 1015
493 1064
493 1066
493 1067
493 1068
494 91
494 151
494 154
494 278
494 279
494 280
494 281
494 282
494 283
494 284
494 285
494 286
494 287
494 288
494 289
494 290
494 291
494 292
494 293
494 294
494 295
494 296
494 297
494 298
494 299
494 300
494 301
494 302
494 303
494 304
494 305
494 306
494 307
494 308
494 309
494 310
494 311
494 312
494 315
494 328
494 329
494 330
494 407
494 408
494 409
494 410
494 411
494 412
494 416
494 417
494 418
494 421
494 422
494 423
494 424
494 435
494 436
494 437
494 439
494 440
494 441
494 442
494 547
494 551
494 560
494 561
494 562
494 569
494 570
494 571
494 574
494 576
494 579
494 582
494 691
494 697
494 701
494 714
494 715
494 716
494 717
494 718
494 719
494 720
494 721
494 722
494 723
494 724
494 725
494 726
494 727
494 728
494 734
494 746
494 749
494 804
494 805
494 806
494 807
494 808
494 809
494 815
494 819
494 827
494 828
494 829
494 830
494 831
494 841
494 844
494 860
494 861
494 862
494 868
494 905
494 1015
494 1064
494 1065
495 141
495 142
495 143
495 149
495 151
495 154
495 161
495 162
495 163
495 164
495 165
495 178
495 179
495 180
495 181
495 182
495 183
495 184
495 185
495 186
495 201
495 202
495 203
495 313
495 314
495 316
495 317
495 318
495 319
495 320
495 321
495 322
495 323
495 324
495 325
495 326
495 327
495 330
495 331
495 332
495 333
495 334
495 335
495 336
495 337
495 338
495 339
495 340
495 341
495 342
495 343
495 344
495 345
495 346
495 347
495 348
495 349
495 350
495 351
495 352
495 353
495 354
495 355
495 356
495 357
495 358
495 359
495 360
495 361
495 363
495 364
495 369
495 370
495 371
495 377
495 378
495 379
495 380
495 381
495 382
495 383
495 394
495 395
495 396
495 397
495 425
495 426
495 427
495 428
495 429
495 432
495 437
495 442
495 547
495 551
495 570
495 574
495 576
495 579
495 581
495 697
495 700
495 714
495 718
495 720
495 727
495 729
495 735
495 736
495 737
495 746
495 749
495 793
495 794
495 795
495 796
495 797
495 798
495 800
495 801
495 802
495 803
495 812
495 814
495 815
495 822
495 823
495 824
495 825
495 826
495 841
495 844
495 845
495 851
495 852
495 853
495 854
495 855
495 856
495 860
495 863
495 868
495 905
495 1009
495 1010
495 1011
495 1012
495 1013
495 1014
495 1015
496 108
496 109
496 110
496 139
496 140
496 144
496 145
496 146
496 147
496 148
496 149
496 151
496 153
496 155
496 159
496 160
496 166
496 167
496 168
496 169
496 170
496 171
496 172
496 173
496 174
496 178
496 187
496 188
496 189
496 190
496 191
496 192
496 193
496 194
496 203
496 362
496 365
496 366
496 367
496 368
496 372
496 373
496 374
496 375
496 376
496 384
496 385
496 386
496 387
496 388
496 389
496 390
496 391
496 392
496 393
496 398
496 399
496 400
496 401
496 402
496 403
496 404
496 405
496 406
496 407
496 408
496 409
496 410
496 411
496 412
496 413
496 414
496 415
496 416
496 417
496 418
496 419
496 420
496 421
496 430
496 431
496 433
496 434
496 435
496 436
496 437
496 442
496 443
496 444
496 546
496 547
496 550
496 570
496 571
496 573
496 576
496 579
496 580
496 581
496 583
496 692
496 698
496 700
496 714
496 718
496 720
496 727
496 731
496 732
496 733
496 737
496 738
496 746
496 749
496 790
496 791
496 792
496 799
496 812
496 815
496 819
496 820
496 821
496 841
496 846
496 847
496 848
496 850
496 856
496 860
496 861
496 862
496 868
496 954
496 955
496 956
496 957
496 958
496 959
496 1009
496 1012
496 1014
496 1083
496 1098
496 1099
496 1100
496 1102
496 1103
496 1104
496 1105
497 106
497 107
497 111
497 112
497 113
497 133
497 134
497 155
497 174
497 175
497 194
497 195
497 196
497 197
497 198
497 199
497 200
497 202
497 203
497 438
497 439
497 440
497 441
497 443
497 445
497 446
497 447
497 448
497 449
497 450
497 451
497 452
497 453
497 454
497 516
497 517
497 518
497 519
497 520
497 546
497 550
497 571
497 572
497 577
497 580
497 583
497 692
497 698
497 699
497 700
497 702
497 714
497 716
497 717
497 718
497 720
497 727
497 728
497 729
497 733
497 746
497 749
497 790
497 794
497 795
497 796
497 797
497 799
497 808
497 816
497 817
497 818
497 841
497 850
497 854
497 855
497 856
497 859
497 863
497 868
497 953
497 954
497 959
497 1011
497 1084
497 1085
497 1086
497 1087
497 1088
497 1089
497 1090
497 1091
497 1092
497 1093
497 1094
497 1095
497 1096
497 1097
497 1098
497 1101
498 98
498 99
498 100
498 101
498 102
498 103
498 104
498 105
498 106
498 114
498 115
498 116
498 117
498 118
498 119
498 120
498 131
498 132
498 135
498 136
498 137
498 138
498 139
498 140
498 141
498 142
498 143
498 144
498 145
498 146
498 155
498 156
498 157
498 158
498 159
498 160
498 161
498 162
498 163
498 164
498 165
498 175
498 176
498 177
498 178
498 179
498 201
498 202
498 203
498 337
498 338
498 339
498 340
498 341
498 342
498 353
498 354
498 394
498 395
498 404
498 405
498 406
498 407
498 408
498 411
498 412
498 413
498 414
498 415
498 454
498 455
498 456
498 457
498 458
498 459
498 460
498 461
498 462
498 463
498 466
498 474
498 515
498 516
498 546
498 551
498 572
498 580
498 583
498 691
498 698
498 699
498 702
498 703
498 714
498 718
498 720
498 727
498 729
498 733
498 746
498 749
498 790
498 791
498 792
498 793
498 797
498 808
498 812
498 813
498 814
498 815
498 816
498 841
498 844
498 846
498 850
498 856
498 860
498 861
498 862
498 866
498 869
498 918
498 920
498 921
498 953
498 959
498 996
498 997
498 998
498 999
498 1000
498 1003
498 1004
498 1005
498 1006
498 1007
498 1008
498 1009
498 1010
498 1011
498 1012
498 1013
498 1096
498 1098
498 1179
498 1180
498 1181
499 98
499 121
499 122
499 131
499 152
499 167
499 168
499 169
499 171
499 172
499 179
499 180
499 181
499 182
499 183
499 203
499 204
499 205
499 206
499 207
499 209
499 216
499 217
499 218
499 219
499 235
499 236
499 320
499 321
499 322
499 323
499 324
499 325
499 326
499 327
499 328
499 329
499 330
499 331
499 337
499 343
499 344
499 345
499 346
499 347
499 353
499 355
499 356
499 357
499 358
499 359
499 360
499 368
499 369
499 370
499 371
499 372
499 373
499 374
499 375
499 379
499 380
499 381
499 382
499 383
499 384
499 416
499 417
499 418
499 419
499 420
499 421
499 422
499 423
499 424
499 425
499 426
499 427
499 428
499 429
499 430
499 431
499 432
499 433
499 434
499 435
499 436
499 437
499 438
499 442
499 444
499 455
499 464
499 465
499 474
499 475
499 513
499 514
499 519
499 520
499 521
499 522
499 523
499 526
499 527
499 546
499 547
499 551
499 576
499 578
499 579
499 580
499 581
499 583
499 691
499 701
499 704
499 705
499 706
499 707
499 708
499 714
499 717
499 718
499 719
499 720
499 721
499 729
499 733
499 746
499 749
499 798
499 808
499 809
499 810
499 811
499 841
499 844
499 846
499 847
499 848
499 849
499 850
499 851
499 856
499 857
499 858
499 859
499 864
499 865
499 869
499 918
499 919
499 920
499 922
499 923
499 952
499 953
499 958
499 959
499 968
499 969
499 970
499 971
499 972
499 973
499 974
499 975
499 976
499 977
499 978
499 979
499 980
499 981
499 982
499 983
499 984
499 985
499 986
499 987
499 988
499 989
499 992
499 993
499 994
499 995
499 1000
499 1001
499 1002
499 1003
499 1013
499 1096
499 1181
499 1182
500 96
500 97
500 111
500 112
500 122
500 123
500 131
500 134
500 135
500 136
500 146
500 147
500 148
500 149
500 150
500 151
500 167
500 170
500 171
500 173
500 183
500 207
500 208
500 210
500 212
500 213
500 214
500 215
500 220
500 221
500 222
500 223
500 224
500 225
500 226
500 227
500 228
500 229
500 230
500 231
500 232
500 233
500 234
500 237
500 238
500 239
500 240
500 241
500 242
500 243
500 244
500 245
500 246
500 247
500 248
500 249
500 250
500 251
500 252
500 253
500 254
500 255
500 256
500 257
500 258
500 259
500 260
500 261
500 262
500 263
500 264
500 265
500 266
500 267
500 268
500 269
500 270
500 271
500 272
500 273
500 274
500 275
500 276
500 277
500 278
500 279
500 280
500 281
500 282
500 283
500 284
500 285
500 286
500 287
500 288
500 312
500 313
500 314
500 315
500 317
500 318
500 319
500 332
500 333
500 334
500 335
500 336
500 337
500 348
500 349
500 350
500 351
500 352
500 353
500 361
500 362
500 363
500 364
500 365
500 367
500 368
500 376
500 378
500 379
500 384
500 439
500 440
500 441
500 443
500 444
500 445
500 446
500 447
500 448
500 449
500 450
500 451
500 452
500 453
500 454
500 455
500 460
500 461
500 474
500 513
500 517
500 518
500 519
500 523
500 524
500 525
500 526
500 547
500 551
500 576
500 578
500 581
500 691
500 698
500 699
500 700
500 701
500 709
500 710
500 711
500 713
500 715
500 716
500 722
500 723
500 724
500 725
500 726
500 727
500 729
500 731
500 732
500 733
500 746
500 749
500 797
500 805
500 806
500 807
500 808
500 841
500 844
500 846
500 852
500 853
500 857
500 864
500 865
500 869
500 953
500 954
500 957
500 958
500 989
500 990
500 991
500 992
500 1001
500 1140
500 1141
500 1142
500 1143
500 1144
500 1145
500 1146
500 1147
500 1148
500 1149
500 1150
500 1151
500 1182
500 1195
500 1196
500 1197
500 1198
500 1199
501 97
501 112
501 123
501 124
501 128
501 129
501 130
501 131
501 134
501 151
501 152
501 173
501 207
501 289
501 290
501 291
501 292
501 293
501 294
501 295
501 296
501 297
501 298
501 299
501 300
501 301
501 302
501 303
501 304
501 305
501 306
501 307
501 308
501 309
501 310
501 311
501 316
501 317
501 339
501 340
501 341
501 365
501 366
501 367
501 372
501 376
501 377
501 380
501 381
501 384
501 385
501 456
501 457
501 458
501 459
501 462
501 463
501 464
501 465
501 466
501 467
501 468
501 469
501 470
501 471
501 472
501 473
501 474
501 475
501 476
501 516
501 521
501 522
501 547
501 551
501 554
501 576
501 579
501 580
501 581
501 691
501 698
501 713
501 723
501 727
501 729
501 732
501 735
501 736
501 737
501 738
501 741
501 742
501 743
501 746
501 749
501 798
501 799
501 800
501 801
501 802
501 803
501 804
501 841
501 842
501 843
501 844
501 848
501 849
501 853
501 854
501 855
501 858
501 860
501 861
501 864
501 866
501 867
501 869
501 954
501 957
501 990
501 1129
501 1130
501 1131
501 1132
501 1133
501 1134
501 1135
501 1136
501 1137
501 1138
501 1139
501 1152
501 1153
501 1154
501 1164
501 1165
501 1166
501 1183
501 1184
501 1185
501 1186
501 1187
501 1188
501 1189
501 1190
501 1191
501 1192
501 1193
501 1194
502 68
502 69
502 70
502 71
502 72
502 73
502 74
502 75
502 97
502 112
502 125
502 126
502 127
502 134
502 152
502 173
502 207
502 211
502 212
502 213
502 214
502 215
502 216
502 217
502 218
502 219
502 220
502 221
502 222
502 223
502 224
502 225
502 226
502 227
502 228
502 229
502 230
502 231
502 232
502 233
502 234
502 235
502 236
502 237
502 238
502 239
502 240
502 241
502 242
502 243
502 244
502 253
502 254
502 255
502 256
502 257
502 258
502 259
502 260
502 261
502 262
502 263
502 264
502 265
502 266
502 267
502 268
502 269
502 270
502 271
502 272
502 273
502 274
502 275
502 276
502 277
502 278
502 279
502 280
502 281
502 282
502 283
502 284
502 285
502 286
502 287
502 309
502 311
502 317
502 321
502 341
502 343
502 344
502 345
502 346
502 347
502 358
502 359
502 360
502 361
502 362
502 378
502 384
502 476
502 477
502 478
502 479
502 480
502 481
502 482
502 483
502 484
502 485
502 486
502 487
502 488
502 489
502 490
502 511
502 512
502 513
502 514
502 515
502 521
502 548
502 550
502 555
502 556
502 576
502 578
502 581
502 691
502 698
502 702
502 703
502 704
502 705
502 706
502 713
502 723
502 727
502 729
502 732
502 738
502 740
502 741
502 743
502 746
502 749
502 842
502 848
502 850
502 851
502 858
502 859
502 864
502 869
502 954
502 955
502 956
502 957
502 1120
502 1121
502 1122
502 1126
502 1127
502 1128
502 1156
502 1157
502 1158
502 1159
502 1160
502 1161
502 1162
502 1163
502 1167
502 1168
502 1169
502 1170
502 1171
502 1172
502 1173
502 1174
502 1175
502 1176
502 1177
502 1178
502 1179
502 1180
502 1181
502 1182
502 1185
502 1193
503 66
503 67
503 76
503 77
503 97
503 112
503 134
503 152
503 173
503 202
503 207
503 211
503 245
503 246
503 247
503 248
503 249
503 250
503 251
503 252
503 258
503 287
503 288
503 289
503 290
503 291
503 292
503 293
503 294
503 295
503 296
503 297
503 298
503 299
503 300
503 301
503 302
503 303
503 304
503 305
503 306
503 307
503 308
503 309
503 310
503 317
503 319
503 320
503 321
503 340
503 342
503 358
503 383
503 514
503 547
503 551
503 553
503 576
503 581
503 691
503 698
503 713
503 721
503 722
503 723
503 724
503 726
503 727
503 729
503 732
503 738
503 740
503 743
503 746
503 749
503 845
503 847
503 852
503 853
503 854
503 855
503 859
503 860
503 863
503 864
503 865
503 866
503 869
503 1118
503 1119
503 1123
503 1124
503 1125
503 1193
504 66
504 77
504 78
504 97
504 113
504 114
504 132
504 133
504 134
504 154
504 155
504 173
504 175
504 176
504 177
504 178
504 179
504 180
504 181
504 182
504 183
504 184
504 185
504 186
504 187
504 188
504 189
504 190
504 191
504 192
504 193
504 194
504 195
504 196
504 197
504 198
504 202
504 207
504 211
504 220
504 221
504 222
504 231
504 232
504 233
504 258
504 273
504 274
504 301
504 303
504 309
504 318
504 337
504 338
504 339
504 340
504 342
504 383
504 515
504 547
504 548
504 551
504 554
504 576
504 581
504 691
504 698
504 712
504 713
504 716
504 717
504 719
504 720
504 727
504 728
504 729
504 732
504 738
504 741
504 743
504 746
504 749
504 845
504 847
504 852
504 854
504 863
504 866
504 869
504 1117
504 1118
504 1193
505 17
505 18
505 66
505 67
505 68
505 79
505 80
505 98
505 99
505 100
505 199
505 202
505 204
505 205
505 207
505 211
505 219
505 220
505 222
505 231
505 233
505 251
505 252
505 253
505 254
505 255
505 256
505 258
505 281
505 282
505 283
505 284
505 286
505 287
505 288
505 307
505 308
505 309
505 318
505 325
505 326
505 327
505 342
505 383
505 511
505 512
505 513
505 514
505 547
505 549
505 550
505 555
505 556
505 576
505 581
505 691
505 698
505 702
505 703
505 704
505 705
505 706
505 707
505 708
505 709
505 710
505 711
505 713
505 714
505 715
505 718
505 729
505 733
505 738
505 741
505 743
505 746
505 749
505 847
505 852
505 855
505 859
505 863
505 865
505 866
505 869
505 1051
505 1117
505 1120
505 1193
505 1194
506 18
506 80
506 81
506 105
506 106
506 107
506 108
506 109
506 110
506 111
506 112
506 116
506 117
506 118
506 119
506 120
506 121
506 122
506 123
506 124
506 125
506 126
506 127
506 128
506 129
506 130
506 131
506 132
506 133
506 134
506 135
506 136
506 137
506 138
506 139
506 140
506 141
506 142
506 143
506 144
506 145
506 146
506 147
506 148
506 149
506 150
506 151
506 152
506 153
506 154
506 155
506 156
506 157
506 158
506 159
506 160
506 161
506 162
506 163
506 164
506 165
506 166
506 167
506 168
506 169
506 170
506 171
506 172
506 173
506 174
506 175
506 176
506 177
506 178
506 179
506 180
506 181
506 182
506 183
506 184
506 185
506 186
506 187
506 188
506 189
506 190
506 191
506 192
506 193
506 194
506 195
506 196
506 197
506 198
506 199
506 200
506 201
506 203
506 205
506 206
506 207
506 212
506 220
506 221
506 222
506 223
506 231
506 232
506 233
506 251
506 257
506 271
506 272
506 273
506 274
506 275
506 281
506 283
506 286
506 289
506 307
506 309
506 340
506 341
506 357
506 358
506 359
506 360
506 383
506 546
506 547
506 553
506 556
506 566
506 567
506 568
506 574
506 577
506 581
506 691
506 698
506 701
506 702
506 714
506 718
506 720
506 730
506 733
506 738
506 741
506 743
506 746
506 749
506 847
506 852
506 855
506 859
506 860
506 861
506 863
506 865
506 866
506 869
506 1049
506 1050
506 1051
506 1052
506 1054
506 1116
506 1117
506 1118
506 1119
506 1120
506 1121
506 1122
506 1123
506 1194
506 1195
507 19
507 20
507 25
507 26
507 81
507 82
507 83
507 84
507 85
507 86
507 87
507 88
507 89
507 90
507 95
507 96
507 97
507 98
507 99
507 100
507 101
507 102
507 103
507 104
507 113
507 114
507 115
507 201
507 202
507 207
507 211
507 250
507 256
507 257
507 281
507 282
507 283
507 284
507 286
507 287
507 288
507 289
507 307
507 309
507 310
507 317
507 318
507 319
507 320
507 321
507 322
507 323
507 324
507 325
507 326
507 327
507 369
507 370
507 383
507 546
507 552
507 554
507 555
507 556
507 557
507 559
507 560
507 561
507 562
507 564
507 568
507 574
507 575
507 576
507 577
507 581
507 691
507 698
507 701
507 715
507 718
507 720
507 728
507 729
507 733
507 738
507 741
507 743
507 746
507 749
507 845
507 847
507 853
507 855
507 856
507 857
507 862
507 866
507 867
507 869
507 1049
507 1052
507 1053
507 1054
507 1115
507 1116
507 1195
507 1196
507 1197
507 1198
507 1199
508 19
508 23
508 24
508 33
508 36
508 75
508 76
508 77
508 91
508 92
508 93
508 94
508 100
508 104
508 175
508 207
508 211
508 250
508 252
508 253
508 254
508 255
508 256
508 307
508 310
508 318
508 328
508 329
508 330
508 331
508 332
508 333
508 334
508 335
508 336
508 337
508 338
508 339
508 340
508 341
508 342
508 343
508 344
508 345
508 346
508 347
508 348
508 349
508 350
508 351
508 352
508 353
508 354
508 355
508 356
508 357
508 358
508 359
508 360
508 383
508 545
508 546
508 548
508 549
508 554
508 557
508 558
508 559
508 561
508 563
508 564
508 565
508 566
508 569
508 577
508 578
508 581
508 691
508 698
508 701
508 715
508 718
508 727
508 729
508 733
508 734
508 735
508 738
508 741
508 743
508 746
508 749
508 845
508 847
508 853
508 857
508 862
508 867
508 869
508 1049
508 1112
508 1113
508 1114
508 1115
508 1142
508 1148
508 1151
509 20
509 21
509 22
509 23
509 32
509 33
509 34
509 36
509 74
509 101
509 146
509 149
509 152
509 175
509 177
509 208
509 211
509 250
509 251
509 252
509 307
509 310
509 317
509 331
509 334
509 348
509 350
509 361
509 362
509 363
509 364
509 365
509 366
509 367
509 368
509 369
509 370
509 371
509 372
509 373
509 374
509 375
509 376
509 377
509 378
509 379
509 380
509 381
509 382
509 546
509 550
509 551
509 552
509 553
509 566
509 567
509 570
509 577
509 581
509 691
509 698
509 701
509 715
509 718
509 719
509 730
509 733
509 736
509 738
509 741
509 743
509 746
509 749
509 845
509 847
509 853
509 857
509 862
509 867
509 869
509 1050
509 1051
509 1112
509 1134
509 1135
509 1136
509 1137
509 1138
509 1139
509 1140
509 1141
509 1142
509 1143
509 1144
509 1145
509 1146
509 1147
509 1149
509 1150
509 1151
509 1152
509 1153
509 1154
509 1155
510 20
510 23
510 31
510 34
510 35
510 74
510 81
510 101
510 144
510 146
510 149
510 152
510 175
510 177
510 208
510 211
510 306
510 310
510 317
510 331
510 333
510 334
510 335
510 336
510 348
510 350
510 379
510 382
510 545
510 546
510 553
510 554
510 555
510 561
510 562
510 563
510 564
510 567
510 577
510 581
510 691
510 698
510 701
510 715
510 726
510 730
510 733
510 736
510 738
510 741
510 743
510 746
510 749
510 845
510 847
510 853
510 857
510 860
510 862
510 865
510 867
510 869
510 1052
510 1112
510 1133
510 1142
510 1155
510 1157
511 20
511 21
511 22
511 23
511 32
511 75
511 76
511 77
511 78
511 81
511 82
511 83
511 101
511 144
511 146
511 147
511 149
511 152
511 175
511 178
511 208
511 211
511 301
511 306
511 309
511 317
511 331
511 332
511 348
511 350
511 379
511 382
511 546
511 547
511 548
511 553
511 557
511 558
511 559
511 560
511 564
511 567
511 569
511 570
511 571
511 572
511 573
511 577
511 581
511 691
511 698
511 701
511 711
511 712
511 713
511 714
511 715
511 726
511 730
511 733
511 736
511 738
511 741
511 743
511 746
511 749
511 844
511 847
511 852
511 854
511 855
511 856
511 859
511 862
511 865
511 869
511 1051
511 1052
511 1111
511 1142
511 1143
511 1144
511 1152
511 1153
511 1154
511 1157
511 1158
511 1159
511 1160
511 1161
511 1162
511 1163
512 84
512 85
512 86
512 87
512 101
512 122
512 144
512 145
512 147
512 149
512 152
512 175
512 178
512 179
512 208
512 211
512 300
512 301
512 306
512 318
512 334
512 348
512 350
512 379
512 382
512 522
512 523
512 524
512 525
512 526
512 527
512 528
512 529
512 530
512 531
512 548
512 553
512 563
512 567
512 573
512 577
512 581
512 691
512 698
512 701
512 715
512 716
512 717
512 726
512 730
512 733
512 738
512 741
512 743
512 746
512 749
512 844
512 848
512 854
512 856
512 858
512 862
512 863
512 869
512 1049
512 1050
512 1111
512 1145
512 1146
512 1147
512 1148
512 1149
512 1150
512 1151
512 1152
512 1157
513 81
513 82
513 88
513 89
513 100
513 101
513 109
513 121
513 122
513 124
513 131
513 132
513 145
513 147
513 149
513 151
513 152
513 176
513 179
513 207
513 212
513 300
513 306
513 310
513 318
513 333
513 335
513 348
513 350
513 351
513 377
513 378
513 379
513 382
513 531
513 532
513 548
513 549
513 554
513 555
513 556
513 564
513 568
513 569
513 570
513 576
513 581
513 691
513 697
513 701
513 706
513 726
513 730
513 733
513 738
513 741
513 743
513 746
513 749
513 844
513 848
513 854
513 857
513 859
513 862
513 863
513 864
513 868
513 1049
513 1110
513 1111
513 1157
513 1158
513 1159
513 1160
513 1161
513 1162
513 1163
513 1164
513 1165
513 1166
513 1167
513 1168
514 83
514 84
514 85
514 89
514 90
514 94
514 95
514 96
514 97
514 98
514 99
514 101
514 102
514 104
514 108
514 120
514 121
514 124
514 125
514 131
514 132
514 133
514 151
514 176
514 177
514 186
514 187
514 207
514 212
514 213
514 214
514 300
514 306
514 309
514 318
514 332
514 333
514 336
514 348
514 351
514 382
514 532
514 533
514 544
514 545
514 546
514 549
514 550
514 552
514 556
514 559
514 561
514 564
514 567
514 570
514 576
514 577
514 581
514 691
514 697
514 701
514 703
514 704
514 705
514 706
514 713
514 714
514 715
514 716
514 717
514 726
514 730
514 733
514 738
514 741
514 743
514 746
514 749
514 844
514 848
514 853
514 854
514 857
514 859
514 861
514 864
514 867
514 868
514 943
514 1049
514 1063
514 1064
514 1111
514 1154
514 1155
514 1156
515 74
515 75
515 76
515 77
515 86
515 87
515 91
515 92
515 93
515 101
515 103
515 105
515 106
515 107
515 108
515 121
515 124
515 131
515 133
515 139
515 140
515 141
515 151
515 177
515 178
515 188
515 207
515 211
515 215
515 216
515 217
515 218
515 300
515 306
515 310
515 319
515 333
515 334
515 336
515 348
515 351
515 366
515 382
515 528
515 529
515 530
515 532
515 533
515 534
515 535
515 536
515 537
515 538
515 539
515 540
515 541
515 542
515 543
515 550
515 553
515 557
515 560
515 562
515 565
515 568
515 570
515 572
515 573
515 574
515 577
515 581
515 691
515 697
515 701
515 706
515 713
515 718
515 730
515 733
515 738
515 741
515 743
515 746
515 749
515 844
515 848
515 855
515 857
515 859
515 862
515 864
515 868
515 942
515 943
515 944
515 1049
515 1064
515 1065
515 1111
515 1157
516 77
516 88
516 97
516 100
516 103
516 106
516 109
516 120
516 121
516 124
516 131
516 133
516 141
516 142
516 151
516 179
516 181
516 182
516 183
516 184
516 185
516 186
516 188
516 207
516 210
516 211
516 214
516 218
516 300
516 306
516 310
516 318
516 334
516 335
516 348
516 350
516 352
516 364
516 365
516 366
516 382
516 528
516 530
516 531
516 532
516 550
516 553
516 556
516 560
516 562
516 563
516 565
516 568
516 569
516 570
516 574
516 575
516 581
516 691
516 697
516 701
516 706
516 713
516 718
516 730
516 733
516 738
516 741
516 743
516 746
516 749
516 844
516 848
516 857
516 859
516 862
516 864
516 868
516 942
516 984
516 1065
516 1066
516 1071
516 1080
516 1111
516 1117
516 1153
516 1154
516 1155
516 1157
516 1158
517 0
517 1
517 2
517 3
517 4
517 5
517 6
517 7
517 8
517 9
517 10
517 11
517 12
517 13
517 14
517 15
517 16
517 17
517 18
517 19
517 24
517 27
517 28
517 32
517 33
517 34
517 35
517 36
517 37
517 38
517 39
517 40
517 41
517 42
517 43
517 44
517 45
517 46
517 47
517 48
517 49
517 50
517 69
517 70
517 71
517 72
517 74
517 75
517 76
517 77
517 78
517 79
517 80
517 82
517 83
517 84
517 85
517 86
517 87
517 88
517 89
517 90
517 91
517 92
517 93
517 94
517 95
517 96
517 97
517 98
517 99
517 100
517 101
517 102
517 103
517 104
517 105
517 106
517 107
517 108
517 109
517 110
517 113
517 122
517 123
517 124
517 130
517 131
517 133
517 134
517 135
517 136
517 137
517 138
517 139
517 140
517 141
517 146
517 147
517 148
517 149
517 150
517 181
517 186
517 189
517 193
517 207
517 208
517 210
517 213
517 214
517 215
517 219
517 300
517 307
517 310
517 318
517 334
517 346
517 347
517 349
517 364
517 366
517 381
517 541
517 542
517 543
517 544
517 545
517 546
517 547
517 550
517 552
517 554
517 556
517 560
517 563
517 568
517 575
517 576
517 581
517 691
517 698
517 701
517 706
517 707
517 713
517 715
517 716
517 718
517 730
517 733
517 738
517 741
517 743
517 746
517 749
517 844
517 848
517 855
517 856
517 859
517 860
517 861
517 865
517 868
517 942
517 983
517 1066
517 1067
517 1068
517 1069
517 1070
517 1078
517 1079
517 1080
517 1112
517 1113
517 1117
517 1156
517 1157
518 20
518 21
518 22
518 23
518 25
518 26
518 29
518 30
518 31
518 51
518 52
518 53
518 54
518 55
518 56
518 57
518 58
518 59
518 60
518 61
518 62
518 63
518 64
518 65
518 66
518 67
518 68
518 73
518 81
518 83
518 111
518 113
518 132
518 133
518 146
518 186
518 189
518 190
518 193
518 194
518 195
518 208
518 219
518 300
518 307
518 310
518 311
518 318
518 364
518 366
518 381
518 547
518 550
518 554
518 555
518 556
518 561
518 563
518 564
518 567
518 568
518 569
518 570
518 571
518 572
518 573
518 577
518 581
518 691
518 698
518 701
518 706
518 717
518 719
518 730
518 733
518 738
518 741
518 743
518 746
518 749
518 844
518 848
518 856
518 857
518 860
518 865
518 866
518 867
518 941
518 981
518 982
518 983
518 987
518 988
518 1062
518 1063
518 1066
518 1076
518 1077
518 1078
518 1116
518 1117
518 1145
518 1148
518 1149
518 1150
518 1151
518 1156
519 78
519 83
519 85
519 86
519 87
519 88
519 99
519 100
519 101
519 102
519 106
519 107
519 110
519 111
519 113
519 114
519 133
519 146
519 187
519 195
519 196
519 198
519 208
519 219
519 300
519 306
519 311
519 318
519 365
519 381
519 382
519 550
519 561
519 564
519 565
519 566
519 567
519 577
519 578
519 581
519 691
519 698
519 701
519 706
519 707
519 716
519 719
519 727
519 728
519 730
519 733
519 738
519 741
519 743
519 746
519 749
519 844
519 848
519 857
519 859
519 860
519 861
519 868
519 941
519 983
519 984
519 985
519 986
519 987
519 1063
519 1064
519 1065
519 1066
519 1067
519 1079
519 1110
519 1111
519 1112
519 1114
519 1115
519 1116
519 1144
519 1146
519 1147
519 1152
519 1153
519 1156
519 1157
520 18
520 80
520 84
520 89
520 90
520 91
520 92
520 93
520 94
520 95
520 96
520 98
520 108
520 109
520 115
520 133
520 160
520 161
520 162
520 187
520 188
520 189
520 197
520 198
520 199
520 205
520 206
520 207
520 219
520 300
520 306
520 311
520 318
520 382
520 551
520 561
520 562
520 566
520 572
520 573
520 574
520 578
520 581
520 687
520 691
520 698
520 701
520 706
520 713
520 715
520 717
520 719
520 724
520 725
520 727
520 730
520 733
520 738
520 741
520 743
520 746
520 749
520 844
520 845
520 848
520 859
520 861
520 868
520 941
520 1087
520 1088
520 1089
520 1090
520 1110
520 1114
520 1152
520 1156
520 1188
520 1189
520 1190
520 1191
520 1192
520 1193
520 1194
520 1195
520 1196
520 1197
520 1198
520 1199
521 159
521 160
521 162
521 185
521 186
521 187
521 199
521 200
521 203
521 204
521 205
521 209
521 219
521 300
521 306
521 311
521 318
521 333
521 334
521 335
521 372
521 382
521 551
521 562
521 563
521 566
521 572
521 575
521 578
521 581
521 688
521 691
521 698
521 701
521 706
521 713
521 714
521 715
521 724
521 727
521 730
521 733
521 738
521 741
521 743
521 746
521 749
521 842
521 848
521 859
521 861
521 868
521 907
521 908
521 943
521 944
521 945
521 946
521 947
521 959
521 960
521 1086
521 1087
521 1110
521 1114
521 1152
521 1153
521 1154
521 1155
521 1156
521 1186
521 1187
522 196
522 197
522 203
522 206
522 207
522 208
522 212
522 219
522 301
522 306
522 311
522 318
522 335
522 336
522 373
522 382
522 550
522 563
522 566
522 576
522 578
522 581
522 688
522 691
522 698
522 701
522 706
522 715
522 724
522 728
522 730
522 733
522 738
522 741
522 743
522 746
522 749
522 842
522 848
522 859
522 860
522 861
522 862
522 863
522 868
522 909
522 912
522 943
522 947
522 959
522 1110
522 1114
522 1187
522 1188
522 1190
522 1191
522 1192
522 1193
523 301
523 307
523 308
523 309
523 311
523 318
523 336
523 337
523 371
523 372
523 373
523 374
523 375
523 376
523 381
523 551
523 561
523 562
523 565
523 571
523 572
523 576
523 578
523 581
523 688
523 691
523 698
523 701
523 706
523 715
523 724
523 725
523 726
523 728
523 730
523 733
523 739
523 741
523 743
523 746
523 749
523 842
523 848
523 863
523 866
523 868
523 909
523 911
523 912
523 943
523 947
523 959
523 1110
523 1114
523 1189
523 1194
523 1195
523 1196
523 1197
523 1198
523 1199
524 306
524 309
524 311
524 318
524 336
524 342
524 377
524 380
524 381
524 551
524 552
524 561
524 564
524 566
524 567
524 573
524 574
524 576
524 578
524 581
524 688
524 691
524 698
524 701
524 703
524 704
524 705
524 706
524 708
524 709
524 715
524 716
524 717
524 728
524 730
524 733
524 739
524 741
524 743
524 746
524 749
524 842
524 848
524 857
524 863
524 864
524 868
524 909
524 910
524 911
524 943
524 944
524 945
524 946
524 947
524 953
524 954
524 955
524 956
524 957
524 958
524 1110
524 1114
524 1115
525 371
525 372
525 373
525 377
525 380
525 552
525 558
525 561
525 564
525 566
525 574
525 576
525 578
525 581
525 688
525 689
525 690
525 691
525 698
525 701
525 706
525 709
525 710
525 711
525 712
525 713
525 714
525 715
525 720
525 727
525 728
525 730
525 733
525 739
525 741
525 743
525 746
525 749
525 842
525 847
525 856
525 857
525 868
525 933
525 965
525 966
525 1111
525 1112
525 1115
526 377
526 552
526 558
526 564
526 566
526 574
526 576
526 578
526 581
526 691
526 698
526 701
526 706
526 713
526 715
526 717
526 718
526 720
526 730
526 734
526 739
526 741
526 743
526 746
526 749
526 842
526 847
526 856
526 858
526 868
526 931
526 932
526 962
526 963
526 964
526 975
526 1075
526 1076
526 1077
526 1111
526 1117
526 1118
526 1119
527 551
527 558
527 559
527 560
527 564
527 566
527 567
527 574
527 576
527 578
527 581
527 691
527 698
527 701
527 706
527 707
527 710
527 711
527 713
527 715
527 719
527 720
527 730
527 734
527 739
527 741
527 743
527 746
527 749
527 842
527 847
527 850
527 851
527 852
527 853
527 856
527 858
527 859
527 860
527 861
527 862
527 863
527 864
527 869
527 929
527 930
527 961
527 962
527 966
527 975
527 1073
527 1074
527 1077
527 1078
527 1111
527 1112
527 1113
527 1114
527 1115
527 1116
527 1119
528 541
528 551
528 558
528 565
528 567
528 568
528 570
528 574
528 576
528 578
528 581
528 692
528 698
528 701
528 706
528 711
528 712
528 715
528 716
528 717
528 730
528 734
528 739
528 741
528 743
528 746
528 749
528 842
528 848
528 850
528 853
528 855
528 856
528 864
528 865
528 866
528 867
528 869
528 923
528 928
528 929
528 958
528 959
528 960
528 962
528 966
528 974
528 975
528 1074
528 1076
528 1077
528 1078
528 1116
528 1117
528 1119
528 1120
528 1145
528 1146
528 1147
528 1148
529 539
529 691
529 698
529 701
529 707
529 715
529 718
529 719
529 730
529 734
529 739
529 741
529 743
529 746
529 749
529 842
529 848
529 851
529 852
529 855
529 870
529 923
529 924
529 925
529 926
529 927
529 966
529 967
529 968
529 969
529 1074
529 1076
529 1117
529 1118
529 1143
529 1144
529 1149
529 1150
530 691
530 698
530 701
530 704
530 705
530 706
530 715
530 720
530 721
530 730
530 734
530 739
530 741
530 743
530 746
530 749
530 842
530 848
530 855
530 856
530 857
530 858
530 859
530 860
530 861
530 862
530 869
530 925
530 956
530 957
530 959
530 960
530 969
530 1146
530 1147
530 1149
531 707
531 715
531 716
531 717
531 718
531 730
531 734
531 739
531 741
531 743
531 746
531 749
531 842
531 848
531 853
531 856
531 863
531 864
531 869
531 958
531 959
531 962
531 963
531 966
531 967
531 968
531 970
531 1117
531 1118
531 1119
531 1120
531 1143
531 1144
531 1145
531 1147
531 1148
531 1149
532 524
532 533
532 842
532 843
532 844
532 845
532 848
532 853
532 864
532 869
532 962
532 965
532 966
532 969
532 1105
532 1116
532 1117
532 1185
532 1186
533 843
533 848
533 853
533 865
533 869
533 962
533 963
533 964
533 965
533 971
533 1036
533 1037
533 1038
533 1039
533 1092
533 1093
533 1094
533 1095
533 1104
533 1105
533 1115
533 1182
533 1185
533 1186
534 7
534 9
534 486
534 970
534 971
534 1036
534 1039
534 1092
534 1095
534 1104
534 1108
534 1115
534 1116
534 1183
534 1185
534 1186
535 969
535 970
535 1035
535 1036
535 1037
535 1038
535 1039
535 1051
535 1052
535 1092
535 1095
535 1103
535 1104
535 1106
535 1107
535 1109
535 1116
535 1174
535 1177
535 1180
535 1181
535 1182
535 1183
535 1184
535 1187
536 1035
536 1040
536 1041
536 1042
536 1049
536 1050
536 1053
536 1080
536 1081
536 1082
536 1083
536 1084
536 1092
536 1093
536 1095
536 1105
536 1106
536 1116
536 1159
536 1175
536 1176
536 1178
536 1179
536 1188
537 1053
537 1079
537 1080
537 1084
537 1093
537 1094
537 1095
537 1102
537 1103
537 1110
537 1112
537 1117
537 1158
537 1159
537 1182
537 1183
537 1184
538 544
538 963
538 1042
538 1084
538 1110
538 1111
538 1112
538 1113
538 1114
538 1115
538 1117
538 1118
538 1119
538 1159
538 1180
538 1181
539 1179
540 192
545 692
550 49
550 1110
551 368
551 970
553 1105
554 960
554 968
554 1042
555 318
556 219
556 1075
557 432
559 917
559 1053
560 183
560 1008
561 115
561 1097
562 581
562 860
563 692
565 142
567 219
568 1113
569 111
569 360
569 1013
569 1117
570 244
570 464
570 879
571 169
571 1028
571 1043
572 223
572 1083
573 169
573 261
573 485
573 955
574 94
574 728
575 34
575 119
575 986
575 1075
576 126
576 144
577 1118
578 863
578 865
580 551
580 699
581 256
582 283
582 307
583 531
584 172
584 558
585 148
585 554
586 303
587 96
587 420
587 555
587 731
589 256
589 285
589 290
589 297
589 883
589 1117
590 60
591 155
592 116
592 280
592 420
593 309
594 563
595 880
596 1028
596 1117
598 62
598 225
599 310
603 516
603 518
603 528
604 1021
606 13
606 71
607 107
607 560
608 177
608 504
608 914
608 918
608 942
609 488
609 1064
610 235
611 258
611 468
611 1001
611 1035
612 415
612 498
613 181
613 283
614 988
615 428
615 749
616 272
616 363
616 378
616 732
617 274
620 820
621 312
621 535
622 206
622 1107
623 379
623 1024
625 963
626 203
626 683
627 341
628 534
628 670
630 469
630 1108
631 47
631 56
631 383
631 392
631 402
631 463
633 132
633 442
634 216
635 79
635 129
635 472
639 165
640 245
641 159
643 29
644 1140
645 1071
646 1145
667 978
667 991
690 882
694 965
695 979
700 1123
704 359
707 632
709 1085
711 1097
711 1166
716 1138
717 1135
717 1182
717 1186
724 927
724 1127
724 1138
725 962
725 1174
726 952
728 947
729 1034
730 1191
732 1132
733 881
733 1109
733 1153
740 947
740 1122
741 1142
742 1161
743 685
749 825
751 992
757 1175
765 660
765 919
771 974
776 744
776 754
778 1056
780 625
784 1000
785 370
785 711
787 725
