125 626
126 616
127 609
157 708
160 428
161 427
170 388
180 736
188 321
189 729
193 768
197 665
202 751
208 717
208 784
215 790
216 706
219 666
224 664
227 654
229 670
230 671
232 648
237 696
237 786
238 795
240 1107
246 779
246 1094
248 234
248 630
248 1142
252 802
252 1169
254 1161
255 1169
261 813
263 613
264 1140
265 588
265 1140
266 643
266 808
267 638
267 1144
269 751
269 1109
270 1153
271 682
272 788
277 1034
281 706
282 669
282 971
284 198
284 682
284 988
289 1174
289 1199
291 552
292 811
292 828
293 404
298 976
298 1138
299 533
300 975
301 807
302 1176
306 950
306 1172
307 603
309 999
310 604
311 1183
312 808
312 1174
313 1127
314 10
314 718
314 719
317 1015
320 635
320 982
321 621
321 651
321 926
322 389
322 654
322 1033
323 594
324 747
324 946
327 1093
329 754
329 1135
331 50
331 161
331 823
332 18
332 1094
333 695
335 1144
336 25
336 790
336 796
338 215
338 669
338 702
339 191
339 991
342 477
342 754
343 89
344 1092
345 183
345 833
345 1068
348 1001
348 1054
349 930
349 975
349 1020
350 505
350 743
351 131
351 701
352 978
353 587
354 563
356 598
356 1051
357 928
358 504
358 522
358 586
359 565
359 586
360 739
360 1048
361 572
362 665
362 1136
364 245
364 664
364 1025
366 649
366 977
366 1041
367 175
367 1121
368 198
368 486
368 537
368 993
369 491
370 984
370 997
371 563
371 685
371 975
372 952
373 466
373 660
373 682
373 746
373 913
373 1197
374 606
374 836
374 965
375 621
376 211
376 216
376 1074
377 383
377 628
377 867
378 838
378 1171
379 321
379 623
379 794
379 817
379 929
379 982
380 917
380 1165
381 984
382 851
382 870
383 139
383 1075
384 954
386 86
387 936
388 523
389 891
391 486
391 854
391 958
392 233
392 462
392 778
392 985
393 116
393 429
393 454
393 867
394 817
395 596
396 408
396 776
396 950
397 632
398 700
398 876
400 776
401 221
401 905
401 937
401 1069
401 1070
401 1071
401 1072
401 1073
401 1074
401 1075
401 1076
401 1077
401 1078
401 1079
401 1080
402 550
403 83
404 170
404 1196
404 1197
404 1198
405 779
405 998
405 1007
405 1008
405 1009
405 1010
405 1011
405 1012
405 1174
406 613
406 919
406 1123
406 1175
406 1176
407 989
407 990
407 991
407 1003
407 1004
407 1005
407 1006
407 1007
407 1008
407 1009
407 1010
407 1011
407 1012
407 1121
407 1123
407 1177
407 1178
407 1179
407 1180
407 1181
407 1182
407 1183
407 1184
407 1185
407 1186
407 1187
408 586
408 783
408 930
408 975
408 979
408 982
408 987
408 988
408 1121
408 1122
408 1123
408 1171
408 1172
408 1173
408 1174
408 1175
408 1176
408 1178
409 63
409 293
409 700
409 961
409 962
409 963
409 970
409 975
409 976
409 981
409 986
409 987
409 1121
409 1178
409 1179
409 1180
409 1181
409 1182
409 1183
410 459
410 955
410 956
410 961
410 972
410 976
410 979
410 980
410 985
410 986
410 1116
410 1117
411 953
411 954
411 955
411 958
411 959
411 960
411 961
411 969
411 970
411 971
411 975
411 978
411 979
411 1115
411 1118
412 713
412 930
412 935
412 936
412 953
412 958
412 965
412 968
412 969
412 973
412 974
412 977
412 978
412 1114
413 915
413 930
413 931
413 932
413 933
413 934
413 935
413 953
413 957
413 964
413 966
413 967
413 968
413 972
413 976
413 1039
413 1040
413 1041
413 1112
413 1113
414 659
414 871
414 910
414 912
414 916
414 925
414 929
414 930
414 953
414 954
414 956
414 957
414 959
414 960
414 961
414 963
414 964
414 965
414 969
414 971
414 974
414 976
414 1042
414 1043
414 1112
414 1115
415 157
415 900
415 904
415 905
415 910
415 912
415 916
415 925
415 930
415 935
415 955
415 961
415 963
415 970
415 971
415 976
415 1040
415 1041
415 1042
415 1111
415 1112
415 1114
415 1115
416 652
416 881
416 882
416 883
416 885
416 890
416 891
416 892
416 894
416 901
416 905
416 910
416 912
416 913
416 914
416 915
416 916
416 925
416 926
416 927
416 930
416 932
416 934
416 947
416 950
416 951
416 952
416 953
416 956
416 957
416 965
416 975
416 976
416 985
416 986
416 1113
417 272
417 871
417 872
417 874
417 878
417 879
417 881
417 885
417 886
417 888
417 893
417 894
417 903
417 906
417 908
417 910
417 931
417 932
417 943
417 944
417 948
417 949
417 951
417 954
417 957
417 958
417 959
417 965
417 974
417 975
417 985
418 293
418 865
418 866
418 868
418 871
418 874
418 877
418 878
418 881
418 883
418 886
418 891
418 893
418 901
418 904
418 906
418 908
418 910
418 933
418 943
418 945
418 946
418 949
418 951
418 952
418 954
418 955
418 957
418 959
418 965
418 966
418 972
418 973
418 974
418 985
418 987
419 455
419 866
419 870
419 874
419 875
419 881
419 883
419 886
419 889
419 890
419 893
419 894
419 902
419 903
419 904
419 907
419 912
419 916
419 931
419 932
419 933
419 942
419 949
419 952
419 955
419 957
419 959
419 972
419 987
419 1080
419 1081
419 1082
419 1083
420 866
420 869
420 874
420 881
420 883
420 884
420 887
420 889
420 891
420 894
420 895
420 901
420 905
420 906
420 912
420 914
420 916
420 931
420 941
420 942
420 949
420 950
420 951
420 952
420 953
420 955
420 956
420 971
420 972
420 986
420 1074
420 1075
420 1076
420 1077
420 1078
420 1079
420 1083
420 1084
421 292
421 780
421 868
421 869
421 874
421 881
421 888
421 892
421 895
421 896
421 897
421 906
421 907
421 909
421 912
421 913
421 914
421 917
421 929
421 930
421 931
421 940
421 941
421 959
421 962
421 963
421 964
421 965
421 966
421 969
421 970
421 971
421 1084
422 322
422 817
422 822
422 867
422 868
422 874
422 888
422 893
422 898
422 899
422 900
422 905
422 907
422 908
422 917
422 928
422 931
422 934
422 935
422 936
422 938
422 939
422 945
422 946
422 947
422 948
422 949
422 952
422 953
422 954
422 955
422 956
422 957
422 958
422 959
422 960
422 961
422 967
422 968
422 1084
422 1085
422 1086
422 1087
423 250
423 817
423 822
423 867
423 869
423 874
423 875
423 878
423 879
423 888
423 894
423 895
423 896
423 899
423 901
423 902
423 908
423 909
423 913
423 916
423 928
423 930
423 931
423 934
423 936
423 937
423 940
423 941
423 942
423 943
423 944
423 950
423 951
423 1078
423 1079
423 1085
423 1087
423 1088
424 792
424 793
424 817
424 823
424 867
424 869
424 875
424 877
424 880
424 884
424 888
424 897
424 898
424 902
424 909
424 911
424 912
424 914
424 916
424 928
424 930
424 932
424 939
424 1074
424 1075
424 1076
424 1079
424 1080
424 1081
424 1082
424 1083
424 1122
424 1123
424 1124
425 311
425 783
425 788
425 789
425 790
425 793
425 817
425 822
425 867
425 869
425 875
425 877
425 879
425 880
425 888
425 895
425 897
425 899
425 900
425 903
425 904
425 911
425 916
425 930
425 932
425 935
425 936
425 937
425 1076
425 1077
425 1078
425 1079
425 1084
425 1121
425 1122
425 1124
426 182
426 790
426 791
426 793
426 815
426 817
426 822
426 867
426 869
426 874
426 878
426 879
426 881
426 884
426 885
426 886
426 888
426 895
426 896
426 900
426 901
426 906
426 907
426 908
426 911
426 930
426 933
426 934
426 1121
427 755
427 784
427 791
427 792
427 793
427 815
427 817
427 822
427 854
427 855
427 856
427 867
427 870
427 873
427 877
427 878
427 881
427 882
427 883
427 884
427 888
427 897
427 898
427 899
427 904
427 908
427 909
427 911
427 912
427 925
427 926
427 927
427 928
427 929
427 930
427 931
427 932
428 746
428 753
428 755
428 784
428 785
428 791
428 794
428 795
428 815
428 817
428 822
428 849
428 853
428 854
428 856
428 866
428 868
428 870
428 873
428 882
428 888
428 889
428 903
428 905
428 906
428 912
428 924
428 925
428 947
429 742
429 746
429 753
429 755
429 785
429 791
429 796
429 797
429 815
429 817
429 822
429 849
429 853
429 857
429 865
429 869
429 873
429 881
429 882
429 889
429 908
429 911
429 912
429 913
429 914
429 915
429 916
429 918
429 919
429 920
429 921
429 922
429 923
429 942
429 943
429 946
429 949
429 1083
429 1084
429 1085
430 720
430 724
430 742
430 746
430 753
430 755
430 783
430 784
430 786
430 788
430 791
430 792
430 797
430 815
430 817
430 822
430 849
430 853
430 857
430 866
430 869
430 873
430 881
430 889
430 904
430 905
430 906
430 909
430 912
430 917
430 918
430 941
430 943
430 946
430 948
430 949
430 951
430 1082
430 1084
430 1085
430 1086
430 1087
431 195
431 713
431 718
431 720
431 742
431 746
431 753
431 755
431 786
431 789
431 792
431 793
431 796
431 797
431 815
431 817
431 822
431 849
431 852
431 857
431 866
431 869
431 872
431 873
431 885
431 890
431 896
431 907
431 909
431 910
431 911
431 912
431 931
431 932
431 933
431 934
431 940
431 941
431 943
431 948
431 950
431 951
431 1082
431 1084
432 275
432 699
432 701
432 704
432 705
432 714
432 718
432 720
432 733
432 734
432 736
432 742
432 746
432 753
432 786
432 787
432 789
432 790
432 793
432 798
432 815
432 817
432 822
432 849
432 853
432 856
432 857
432 858
432 859
432 860
432 861
432 863
432 865
432 866
432 868
432 872
432 885
432 890
432 894
432 895
432 896
432 903
432 908
432 918
432 919
432 920
432 923
432 931
432 936
432 937
432 939
432 940
432 943
432 951
432 1083
432 1084
433 688
433 689
433 691
433 696
433 699
433 701
433 705
433 714
433 716
433 717
433 718
433 733
433 736
433 742
433 746
433 753
433 756
433 787
433 790
433 793
433 794
433 795
433 798
433 799
433 815
433 817
433 822
433 849
433 857
433 864
433 865
433 869
433 870
433 872
433 886
433 887
433 890
433 901
433 902
433 903
433 904
433 907
433 910
433 911
433 912
433 913
433 916
433 917
433 920
433 923
433 930
433 931
433 935
433 937
433 942
433 943
433 966
433 967
433 968
434 553
434 686
434 687
434 689
434 691
434 696
434 699
434 701
434 705
434 708
434 709
434 710
434 711
434 714
434 715
434 719
434 720
434 733
434 736
434 742
434 746
434 753
434 756
434 788
434 791
434 795
434 797
434 799
434 815
434 817
434 822
434 850
434 852
434 853
434 854
434 855
434 856
434 857
434 858
434 859
434 860
434 861
434 862
434 864
434 867
434 869
434 872
434 886
434 887
434 888
434 890
434 894
434 895
434 900
434 901
434 905
434 906
434 907
434 908
434 913
434 914
434 915
434 916
434 919
434 922
434 923
434 924
434 929
434 933
434 934
434 937
434 939
434 941
434 942
434 959
434 960
434 964
434 965
434 966
434 968
435 686
435 688
435 692
435 697
435 699
435 701
435 702
435 703
435 704
435 705
435 706
435 707
435 708
435 712
435 714
435 719
435 726
435 727
435 728
435 729
435 730
435 731
435 732
435 733
435 735
435 736
435 742
435 746
435 753
435 756
435 788
435 789
435 791
435 796
435 800
435 815
435 817
435 822
435 850
435 864
435 865
435 869
435 870
435 872
435 889
435 896
435 897
435 898
435 899
435 905
435 907
435 910
435 919
435 921
435 924
435 927
435 928
435 929
435 931
435 936
435 937
435 940
435 941
435 958
435 961
435 963
435 964
435 965
435 968
436 685
436 688
436 692
436 696
436 699
436 701
436 703
436 712
436 714
436 719
436 726
436 736
436 742
436 746
436 753
436 756
436 789
436 790
436 792
436 796
436 800
436 801
436 815
436 817
436 822
436 850
436 853
436 869
436 872
436 889
436 895
436 905
436 908
436 909
436 912
436 913
436 914
436 915
436 916
436 917
436 918
436 919
436 926
436 931
436 934
436 936
436 939
436 940
436 961
436 964
436 967
436 968
436 980
437 188
437 640
437 685
437 688
437 692
437 696
437 699
437 703
437 708
437 709
437 710
437 712
437 714
437 719
437 726
437 737
437 742
437 746
437 752
437 753
437 756
437 790
437 792
437 796
437 797
437 801
437 815
437 817
437 822
437 849
437 852
437 853
437 854
437 864
437 869
437 872
437 889
437 894
437 905
437 906
437 907
437 908
437 915
437 925
437 926
437 929
437 931
437 932
437 933
437 934
437 936
437 938
437 939
437 960
437 964
437 966
437 979
437 980
438 264
438 599
438 638
438 639
438 684
438 685
438 688
438 692
438 696
438 701
438 703
438 707
438 708
438 712
438 714
438 719
438 726
438 737
438 741
438 747
438 756
438 790
438 797
438 801
438 802
438 815
438 817
438 822
438 849
438 852
438 854
438 865
438 867
438 868
438 876
438 877
438 889
438 894
438 895
438 896
438 897
438 898
438 899
438 900
438 912
438 913
438 914
438 922
438 925
438 929
438 931
438 934
438 936
438 960
438 961
438 962
438 964
438 966
438 978
438 979
439 201
439 621
439 622
439 623
439 624
439 638
439 682
439 683
439 687
439 692
439 696
439 701
439 703
439 704
439 705
439 706
439 707
439 712
439 714
439 719
439 726
439 738
439 741
439 748
439 753
439 754
439 756
439 757
439 758
439 759
439 760
439 761
439 762
439 763
439 764
439 765
439 766
439 790
439 791
439 793
439 797
439 798
439 802
439 803
439 815
439 817
439 822
439 849
439 852
439 861
439 864
439 868
439 869
439 871
439 872
439 873
439 878
439 888
439 889
439 901
439 902
439 903
439 904
439 905
439 906
439 907
439 910
439 911
439 914
439 922
439 925
439 929
439 930
439 931
439 936
439 937
439 938
439 939
439 958
439 959
439 960
439 962
439 966
439 969
439 978
440 613
440 614
440 615
440 616
440 624
440 625
440 637
440 638
440 639
440 640
440 641
440 642
440 643
440 644
440 645
440 682
440 684
440 692
440 696
440 701
440 712
440 714
440 719
440 726
440 738
440 741
440 747
440 748
440 749
440 754
440 759
440 763
440 766
440 767
440 791
440 794
440 798
440 799
440 803
440 804
440 815
440 818
440 822
440 849
440 850
440 852
440 854
440 855
440 861
440 862
440 864
440 867
440 868
440 870
440 873
440 876
440 878
440 884
440 888
440 893
440 901
440 902
440 907
440 909
440 912
440 922
440 926
440 927
440 929
440 932
440 933
440 934
440 940
440 941
440 957
440 960
440 963
440 966
440 968
440 969
441 312
441 594
441 597
441 599
441 600
441 606
441 607
441 617
441 618
441 619
441 622
441 623
441 638
441 647
441 648
441 649
441 650
441 651
441 652
441 653
441 654
441 655
441 682
441 684
441 692
441 696
441 698
441 701
441 712
441 714
441 719
441 726
441 739
441 740
441 741
441 745
441 746
441 749
441 750
441 755
441 767
441 794
441 795
441 799
441 801
441 804
441 805
441 814
441 815
441 818
441 822
441 851
441 852
441 853
441 855
441 864
441 866
441 867
441 872
441 873
441 877
441 878
441 884
441 888
441 891
441 892
441 894
441 904
441 905
441 906
441 907
441 909
441 911
441 914
441 920
441 921
441 927
441 929
441 936
441 937
441 938
441 939
441 940
441 956
441 957
441 959
441 966
442 594
442 597
442 598
442 604
442 610
442 612
442 622
442 624
442 625
442 627
442 628
442 629
442 630
442 631
442 634
442 635
442 638
442 639
442 640
442 641
442 642
442 656
442 657
442 658
442 659
442 660
442 661
442 662
442 663
442 673
442 682
442 684
442 696
442 698
442 701
442 712
442 714
442 719
442 726
442 738
442 745
442 747
442 750
442 751
442 754
442 763
442 764
442 767
442 796
442 799
442 801
442 802
442 805
442 814
442 816
442 818
442 822
442 850
442 854
442 860
442 861
442 864
442 866
442 870
442 871
442 872
442 875
442 881
442 884
442 888
442 894
442 903
442 909
442 911
442 915
442 920
442 932
442 933
442 934
442 935
442 955
442 956
442 960
442 964
442 965
442 1162
442 1163
442 1164
442 1166
442 1167
443 577
443 580
443 590
443 597
443 604
443 605
443 608
443 609
443 610
443 612
443 622
443 624
443 632
443 636
443 643
443 644
443 645
443 646
443 647
443 648
443 649
443 650
443 651
443 652
443 653
443 654
443 674
443 680
443 681
443 682
443 684
443 685
443 690
443 691
443 692
443 693
443 695
443 698
443 701
443 719
443 726
443 739
443 745
443 748
443 751
443 752
443 754
443 764
443 765
443 767
443 796
443 797
443 799
443 802
443 805
443 813
443 818
443 822
443 849
443 850
443 851
443 853
443 854
443 857
443 858
443 861
443 864
443 866
443 867
443 871
443 873
443 875
443 876
443 877
443 878
443 879
443 880
443 883
443 888
443 894
443 905
443 909
443 911
443 915
443 920
443 927
443 928
443 929
443 930
443 931
443 955
443 960
443 963
443 964
443 1165
443 1166
443 1173
443 1180
444 578
444 580
444 586
444 587
444 588
444 589
444 591
444 592
444 596
444 597
444 605
444 608
444 610
444 611
444 622
444 623
444 624
444 633
444 636
444 655
444 656
444 657
444 658
444 659
444 660
444 661
444 662
444 663
444 664
444 665
444 666
444 667
444 668
444 669
444 670
444 671
444 676
444 677
444 685
444 686
444 687
444 688
444 689
444 690
444 694
444 698
444 701
444 702
444 703
444 704
444 705
444 706
444 707
444 708
444 709
444 710
444 711
444 712
444 713
444 714
444 715
444 716
444 717
444 718
444 719
444 726
444 739
444 745
444 749
444 752
444 753
444 754
444 767
444 797
444 799
444 802
444 805
444 806
444 813
444 818
444 822
444 850
444 853
444 859
444 860
444 864
444 867
444 870
444 873
444 874
444 882
444 883
444 888
444 892
444 894
444 895
444 896
444 905
444 910
444 911
444 914
444 915
444 923
444 924
444 925
444 926
444 952
444 953
444 954
444 960
444 962
444 963
444 1171
444 1172
444 1174
444 1175
444 1176
444 1177
444 1178
444 1179
444 1180
445 552
445 553
445 555
445 557
445 558
445 559
445 562
445 563
445 564
445 565
445 566
445 579
445 586
445 592
445 593
445 604
445 605
445 607
445 631
445 632
445 633
445 636
445 641
445 642
445 643
445 644
445 645
445 646
445 647
445 671
445 672
445 673
445 676
445 678
445 679
445 680
445 681
445 682
445 683
445 684
445 692
445 697
445 722
445 723
445 724
445 725
445 726
445 727
445 728
445 729
445 730
445 731
445 732
445 733
445 734
445 735
445 736
445 744
445 745
445 750
445 756
445 767
445 798
445 799
445 802
445 803
445 806
445 807
445 818
445 822
445 849
445 850
445 854
445 858
445 864
445 865
445 868
445 872
445 873
445 875
445 876
445 877
445 881
445 882
445 888
445 892
445 897
445 898
445 899
445 904
445 905
445 906
445 909
445 922
445 923
445 953
445 956
445 957
445 958
445 959
445 961
445 962
446 95
446 540
446 547
446 552
446 555
446 557
446 559
446 560
446 561
446 565
446 566
446 586
446 592
446 595
446 604
446 605
446 607
446 631
446 635
446 637
446 638
446 641
446 671
446 672
446 676
446 685
446 686
446 687
446 688
446 689
446 690
446 693
446 694
446 695
446 696
446 737
446 738
446 739
446 740
446 741
446 744
446 745
446 746
446 747
446 750
446 756
446 767
446 800
446 803
446 804
446 807
446 808
446 818
446 822
446 834
446 835
446 848
446 851
446 854
446 855
446 857
446 861
446 865
446 868
446 869
446 871
446 878
446 879
446 880
446 888
446 893
446 894
446 899
446 900
446 901
446 902
446 903
446 904
446 908
446 920
446 921
446 953
446 954
446 955
446 956
447 540
447 548
447 552
447 558
447 563
447 564
447 568
447 569
447 570
447 571
447 586
447 587
447 595
447 596
447 597
447 598
447 605
447 607
447 631
447 632
447 634
447 637
447 641
447 673
447 674
447 675
447 682
447 684
447 688
447 689
447 691
447 696
447 697
447 741
447 742
447 743
447 747
447 748
447 750
447 756
447 767
447 798
447 799
447 804
447 808
447 809
447 818
447 822
447 835
447 848
447 851
447 853
447 856
447 857
447 858
447 859
447 861
447 865
447 866
447 870
447 873
447 874
447 878
447 880
447 881
447 889
447 890
447 895
447 896
447 917
447 918
447 919
447 920
448 540
448 546
448 547
448 553
448 559
448 560
448 561
448 566
448 567
448 568
448 574
448 575
448 576
448 587
448 598
448 599
448 600
448 608
448 609
448 610
448 611
448 612
448 630
448 637
448 641
448 682
448 684
448 689
448 692
448 693
448 697
448 735
448 736
448 737
448 738
448 739
448 743
448 744
448 748
448 752
448 754
448 756
448 757
448 758
448 759
448 760
448 761
448 762
448 763
448 764
448 765
448 767
448 768
448 769
448 770
448 777
448 791
448 792
448 804
448 809
448 818
448 822
448 835
448 836
448 849
448 853
448 861
448 864
448 865
448 867
448 870
448 873
448 874
448 875
448 877
448 878
448 881
448 882
448 883
448 884
448 889
448 890
448 891
448 892
448 893
448 896
448 897
448 901
448 908
448 909
448 915
448 916
449 540
449 546
449 553
449 559
449 568
449 570
449 571
449 574
449 576
449 600
449 602
449 609
449 612
449 613
449 614
449 629
449 630
449 637
449 641
449 660
449 662
449 682
449 689
449 693
449 697
449 744
449 745
449 749
449 753
449 769
449 771
449 772
449 773
449 774
449 775
449 776
449 778
449 779
449 780
449 781
449 782
449 783
449 784
449 785
449 786
449 787
449 788
449 789
449 790
449 795
449 796
449 803
449 804
449 809
449 816
449 818
449 822
449 823
449 824
449 825
449 835
449 849
449 853
449 861
449 864
449 867
449 869
449 871
449 873
449 875
449 881
449 889
449 896
449 899
449 902
449 903
449 910
449 911
449 912
449 913
449 914
449 915
449 1103
449 1104
449 1105
449 1106
449 1107
450 540
450 546
450 553
450 559
450 569
450 574
450 576
450 601
450 603
450 604
450 636
450 639
450 640
450 660
450 662
450 663
450 664
450 665
450 677
450 679
450 684
450 685
450 689
450 690
450 691
450 693
450 695
450 696
450 746
450 747
450 749
450 751
450 752
450 754
450 756
450 757
450 758
450 759
450 760
450 762
450 763
450 774
450 793
450 794
450 795
450 804
450 805
450 806
450 807
450 808
450 809
450 816
450 818
450 821
450 827
450 828
450 832
450 836
450 837
450 838
450 839
450 840
450 841
450 842
450 843
450 844
450 845
450 849
450 853
450 861
450 862
450 864
450 869
450 876
450 877
450 878
450 879
450 881
450 882
450 884
450 885
450 886
450 889
450 890
450 892
450 893
450 896
450 899
450 901
450 903
450 904
450 905
450 909
450 910
450 911
450 913
450 1103
451 481
451 482
451 540
451 546
451 553
451 559
451 574
451 575
451 576
451 577
451 578
451 597
451 635
451 636
451 677
451 679
451 683
451 685
451 686
451 691
451 693
451 694
451 747
451 748
451 751
451 752
451 755
451 760
451 761
451 763
451 764
451 765
451 766
451 767
451 768
451 769
451 770
451 771
451 772
451 773
451 774
451 775
451 776
451 777
451 778
451 779
451 780
451 781
451 782
451 783
451 784
451 785
451 786
451 787
451 788
451 789
451 792
451 793
451 797
451 798
451 799
451 800
451 801
451 802
451 810
451 811
451 812
451 813
451 814
451 815
451 818
451 819
451 820
451 821
451 822
451 823
451 824
451 827
451 829
451 833
451 834
451 841
451 845
451 848
451 853
451 855
451 862
451 864
451 867
451 874
451 879
451 880
451 881
451 883
451 886
451 889
451 893
451 895
451 896
451 897
451 899
451 900
451 904
451 913
451 1103
451 1104
451 1105
451 1106
451 1107
451 1108
451 1109
451 1110
452 475
452 476
452 477
452 478
452 491
452 492
452 493
452 494
452 495
452 496
452 497
452 498
452 499
452 500
452 501
452 502
452 503
452 546
452 552
452 553
452 559
452 568
452 569
452 570
452 571
452 596
452 597
452 598
452 601
452 602
452 603
452 604
452 605
452 636
452 644
452 645
452 646
452 677
452 679
452 680
452 681
452 682
452 692
452 693
452 748
452 751
452 754
452 756
452 779
452 790
452 791
452 794
452 795
452 816
452 817
452 818
452 824
452 825
452 826
452 827
452 829
452 834
452 835
452 841
452 842
452 843
452 844
452 845
452 846
452 847
452 848
452 849
452 850
452 851
452 852
452 853
452 855
452 857
452 859
452 862
452 863
452 865
452 866
452 868
452 872
452 873
452 889
452 894
452 895
452 900
452 901
452 902
452 904
452 905
452 906
452 907
452 908
452 909
452 912
452 914
452 915
452 916
452 1075
453 478
453 479
453 480
453 481
453 482
453 487
453 490
453 546
453 552
453 559
453 567
453 568
453 590
453 591
453 592
453 593
453 594
453 595
453 599
453 600
453 606
453 642
453 643
453 646
453 669
453 676
453 679
453 684
453 743
453 744
453 745
453 748
453 749
453 751
453 756
453 758
453 759
453 760
453 767
453 768
453 769
453 770
453 779
453 780
453 796
453 797
453 798
453 799
453 803
453 804
453 805
453 806
453 807
453 808
453 809
453 810
453 811
453 812
453 813
453 816
453 818
453 827
453 829
453 835
453 836
453 837
453 838
453 839
453 840
453 841
453 845
453 854
453 855
453 856
453 858
453 859
453 863
453 865
453 871
453 872
453 874
453 875
453 882
453 889
453 894
453 903
453 904
453 912
453 1076
453 1077
453 1078
454 479
454 481
454 483
454 487
454 546
454 552
454 559
454 566
454 567
454 577
454 585
454 586
454 587
454 588
454 597
454 598
454 603
454 604
454 605
454 645
454 646
454 667
454 668
454 669
454 670
454 671
454 743
454 747
454 750
454 751
454 756
454 760
454 769
454 773
454 780
454 781
454 782
454 783
454 784
454 789
454 790
454 799
454 804
454 818
454 827
454 828
454 829
454 838
454 846
454 847
454 859
454 863
454 867
454 868
454 872
454 876
454 883
454 889
454 893
454 894
454 896
454 897
454 898
454 908
454 909
454 910
454 912
454 1076
454 1078
455 114
455 443
455 487
455 546
455 552
455 559
455 566
455 577
455 599
455 600
455 603
455 642
455 644
455 645
455 647
455 662
455 666
455 671
455 676
455 679
455 680
455 681
455 682
455 683
455 684
455 685
455 699
455 734
455 743
455 751
455 756
455 759
455 760
455 769
455 773
455 791
455 792
455 793
455 794
455 795
455 796
455 797
455 798
455 804
455 818
455 848
455 859
455 863
455 868
455 872
455 873
455 874
455 875
455 876
455 883
455 888
455 889
455 890
455 891
455 892
455 893
455 905
455 906
455 909
455 912
455 931
455 932
455 933
455 1076
455 1078
456 443
456 444
456 446
456 487
456 546
456 552
456 559
456 565
456 566
456 576
456 577
456 589
456 590
456 591
456 592
456 593
456 601
456 602
456 603
456 643
456 662
456 663
456 664
456 665
456 676
456 679
456 698
456 699
456 700
456 701
456 732
456 734
456 743
456 751
456 756
456 770
456 771
456 772
456 794
456 797
456 829
456 831
456 832
456 833
456 834
456 859
456 862
456 865
456 866
456 867
456 868
456 875
456 883
456 885
456 886
456 887
456 904
456 905
456 911
456 933
456 934
456 935
456 1077
456 1078
457 112
457 445
457 446
457 447
457 448
457 449
457 487
457 546
457 552
457 553
457 559
457 560
457 561
457 562
457 563
457 564
457 567
457 568
457 569
457 570
457 571
457 572
457 573
457 577
457 578
457 579
457 580
457 581
457 582
457 583
457 584
457 585
457 586
457 587
457 588
457 589
457 676
457 679
457 680
457 681
457 682
457 683
457 684
457 685
457 686
457 691
457 692
457 693
457 694
457 701
457 702
457 703
457 725
457 726
457 727
457 728
457 732
457 733
457 734
457 735
457 736
457 751
457 756
457 769
457 772
457 791
457 793
457 794
457 820
457 821
457 822
457 823
457 827
457 828
457 829
457 834
457 835
457 836
457 859
457 862
457 865
457 884
457 885
457 900
457 907
457 908
457 909
457 910
457 935
458 487
458 489
458 490
458 491
458 492
458 493
458 508
458 509
458 510
458 511
458 512
458 513
458 514
458 515
458 546
458 553
458 554
458 574
458 575
458 576
458 589
458 590
458 591
458 592
458 593
458 675
458 676
458 679
458 691
458 703
458 704
458 705
458 706
458 707
458 708
458 709
458 729
458 747
458 751
458 756
458 768
458 770
458 771
458 773
458 782
458 783
458 791
458 794
458 811
458 820
458 823
458 824
458 825
458 826
458 837
458 855
458 858
458 859
458 862
458 864
458 867
458 868
458 869
458 887
458 888
458 889
458 890
458 891
458 898
458 901
458 902
458 904
458 905
458 906
458 907
459 258
459 286
459 389
459 390
459 393
459 394
459 408
459 409
459 410
459 411
459 412
459 413
459 414
459 415
459 416
459 417
459 418
459 443
459 444
459 445
459 446
459 447
459 448
459 487
459 494
459 495
459 496
459 546
459 555
459 556
459 563
459 564
459 565
459 566
459 567
459 568
459 569
459 570
459 577
459 578
459 581
459 582
459 583
459 584
459 585
459 586
459 596
459 597
459 598
459 599
459 600
459 601
459 602
459 603
459 604
459 605
459 606
459 675
459 677
459 679
459 688
459 689
459 690
459 691
459 692
459 700
459 709
459 722
459 723
459 724
459 725
459 726
459 727
459 729
459 730
459 747
459 748
459 750
459 756
459 759
459 760
459 764
459 768
459 773
459 774
459 775
459 782
459 785
459 786
459 791
459 794
459 795
459 796
459 808
459 811
459 820
459 821
459 822
459 823
459 827
459 834
459 835
459 854
459 856
459 857
459 858
459 859
459 861
459 862
459 864
459 865
459 869
459 882
459 886
459 898
459 901
459 902
459 903
459 910
460 390
460 395
460 396
460 408
460 418
460 419
460 443
460 448
460 449
460 487
460 488
460 546
460 556
460 557
460 562
460 572
460 575
460 581
460 587
460 588
460 589
460 590
460 591
460 592
460 655
460 656
460 657
460 677
460 679
460 689
460 692
460 693
460 694
460 695
460 696
460 697
460 700
460 714
460 715
460 727
460 730
460 748
460 750
460 756
460 759
460 763
460 765
460 768
460 773
460 782
460 783
460 786
460 787
460 788
460 789
460 790
460 791
460 792
460 807
460 811
460 827
460 834
460 859
460 862
460 865
460 869
460 883
460 885
460 886
460 888
460 889
460 890
460 898
460 903
460 912
460 913
461 373
461 376
461 377
461 378
461 383
461 390
461 391
461 396
461 397
461 398
461 408
461 409
461 419
461 444
461 449
461 486
461 547
461 557
461 562
461 571
461 573
461 575
461 577
461 578
461 580
461 581
461 593
461 594
461 595
461 596
461 597
461 598
461 599
461 600
461 601
461 602
461 603
461 604
461 655
461 657
461 658
461 677
461 679
461 689
461 697
461 698
461 699
461 700
461 701
461 716
461 717
461 718
461 719
461 720
461 726
461 728
461 730
461 731
461 747
461 750
461 756
461 758
461 761
461 762
461 765
461 766
461 767
461 773
461 783
461 784
461 792
461 793
461 803
461 804
461 806
461 808
461 809
461 810
461 811
461 812
461 813
461 823
461 827
461 834
461 836
461 837
461 838
461 839
461 859
461 862
461 864
461 869
461 879
461 880
461 882
461 883
461 885
461 888
461 897
461 898
461 899
461 900
461 901
461 903
461 904
461 910
461 911
462 336
462 361
462 362
462 363
462 364
462 373
462 374
462 381
462 382
462 383
462 384
462 391
462 392
462 398
462 409
462 410
462 420
462 444
462 445
462 486
462 487
462 488
462 546
462 549
462 558
462 562
462 570
462 572
462 574
462 575
462 578
462 581
462 582
462 583
462 584
462 585
462 586
462 605
462 606
462 607
462 608
462 609
462 610
462 611
462 612
462 613
462 614
462 615
462 616
462 617
462 655
462 674
462 675
462 676
462 679
462 690
462 692
462 693
462 695
462 696
462 716
462 720
462 723
462 724
462 725
462 728
462 731
462 732
462 747
462 750
462 751
462 755
462 756
462 759
462 760
462 765
462 772
462 784
462 785
462 786
462 787
462 788
462 792
462 795
462 796
462 797
462 804
462 805
462 811
462 814
462 815
462 823
462 828
462 835
462 838
462 839
462 858
462 859
462 862
462 865
462 867
462 869
462 877
462 878
462 880
462 881
462 885
462 893
462 898
462 901
462 904
462 908
462 909
463 360
463 376
463 377
463 378
463 379
463 380
463 384
463 385
463 386
463 399
463 410
463 411
463 412
463 413
463 414
463 415
463 418
463 419
463 420
463 489
463 546
463 549
463 550
463 558
463 562
463 564
463 565
463 566
463 570
463 573
463 574
463 578
463 586
463 592
463 593
463 594
463 595
463 618
463 619
463 620
463 621
463 622
463 623
463 624
463 625
463 626
463 627
463 628
463 629
463 630
463 631
463 632
463 633
463 634
463 635
463 670
463 671
463 672
463 676
463 677
463 679
463 680
463 681
463 682
463 683
463 684
463 685
463 690
463 691
463 692
463 715
463 720
463 722
463 723
463 728
463 729
463 732
463 733
463 751
463 752
463 756
463 764
463 765
463 770
463 772
463 789
463 790
463 791
463 792
463 798
463 810
463 811
463 812
463 813
463 814
463 823
463 828
463 829
463 837
463 838
463 857
463 858
463 862
463 865
463 866
463 867
463 868
463 869
463 877
463 880
463 881
463 885
463 892
463 893
463 897
463 901
463 904
464 340
464 361
464 380
464 381
464 382
464 386
464 399
464 400
464 416
464 417
464 418
464 489
464 546
464 547
464 549
464 558
464 561
464 569
464 571
464 579
464 585
464 588
464 589
464 591
464 600
464 601
464 602
464 604
464 605
464 606
464 607
464 608
464 636
464 637
464 638
464 639
464 640
464 641
464 642
464 643
464 644
464 645
464 646
464 647
464 648
464 649
464 650
464 651
464 652
464 653
464 654
464 655
464 668
464 669
464 677
464 679
464 714
464 720
464 721
464 730
464 733
464 743
464 744
464 745
464 746
464 747
464 748
464 752
464 753
464 756
464 758
464 759
464 760
464 761
464 762
464 763
464 764
464 770
464 772
464 773
464 815
464 823
464 824
464 826
464 827
464 830
464 831
464 832
464 833
464 834
464 835
464 836
464 837
464 839
464 852
464 855
464 856
464 857
464 862
464 864
464 865
464 869
464 876
464 881
464 882
464 885
464 887
464 888
464 889
464 890
464 891
464 897
464 901
464 904
464 905
465 320
465 322
465 325
465 326
465 327
465 341
465 361
465 364
465 382
465 385
465 400
465 401
465 402
465 418
465 448
465 449
465 450
465 451
465 452
465 453
465 454
465 455
465 456
465 457
465 458
465 490
465 492
465 547
465 558
465 559
465 560
465 561
465 562
465 563
465 564
465 565
465 566
465 571
465 572
465 573
465 574
465 575
465 576
465 578
465 579
465 585
465 586
465 587
465 588
465 590
465 596
465 597
465 598
465 599
465 603
465 611
465 656
465 657
465 658
465 659
465 660
465 661
465 662
465 663
465 664
465 665
465 666
465 667
465 669
465 670
465 671
465 672
465 677
465 679
465 680
465 681
465 682
465 683
465 684
465 685
465 686
465 720
465 722
465 731
465 733
465 743
465 749
465 750
465 753
465 756
465 767
465 769
465 773
465 792
465 795
465 801
465 802
465 803
465 825
465 826
465 839
465 852
465 853
465 855
465 859
465 862
465 864
465 866
465 867
465 869
465 882
465 883
465 885
465 887
465 891
465 896
465 967
465 968
465 969
466 308
466 309
466 310
466 311
466 316
466 319
466 321
466 323
466 324
466 342
466 343
466 344
466 345
466 346
466 347
466 348
466 349
466 350
466 351
466 352
466 361
466 362
466 363
466 364
466 379
466 380
466 381
466 382
466 384
466 402
466 403
466 419
466 458
466 459
466 490
466 492
466 547
466 548
466 549
466 565
466 568
466 576
466 578
466 580
466 586
466 604
466 605
466 606
466 607
466 608
466 609
466 611
466 636
466 637
466 638
466 639
466 640
466 641
466 655
466 664
466 674
466 675
466 676
466 720
466 722
466 731
466 733
466 743
466 750
466 753
466 756
466 758
466 759
466 760
466 761
466 768
466 773
466 793
466 794
466 795
466 796
466 797
466 798
466 799
466 800
466 804
466 805
466 806
466 807
466 808
466 809
466 810
466 811
466 812
466 813
466 814
466 815
466 816
466 817
466 818
466 827
466 839
466 853
466 854
466 858
466 862
466 864
466 868
466 884
466 887
466 892
466 894
466 895
466 896
466 967
467 312
467 318
467 352
467 353
467 354
467 364
467 382
467 384
467 403
467 416
467 417
467 418
467 450
467 451
467 454
467 459
467 490
467 492
467 547
467 563
467 565
467 568
467 576
467 578
467 586
467 610
467 611
467 612
467 623
467 624
467 625
467 626
467 627
467 641
467 642
467 655
467 658
467 662
467 664
467 673
467 676
467 678
467 679
467 680
467 681
467 688
467 689
467 690
467 691
467 692
467 693
467 694
467 695
467 696
467 697
467 698
467 699
467 700
467 701
467 720
467 722
467 726
467 729
467 730
467 731
467 733
467 743
467 750
467 753
467 756
467 761
467 767
467 769
467 772
467 812
467 826
467 827
467 828
467 835
467 836
467 837
467 839
467 847
467 854
467 858
467 862
467 864
467 865
467 867
467 884
467 885
467 886
467 887
467 892
467 893
467 894
467 967
468 285
468 286
468 287
468 291
468 292
468 313
468 314
468 337
468 338
468 350
468 361
468 362
468 363
468 364
468 381
468 382
468 417
468 451
468 452
468 455
468 478
468 490
468 492
468 493
468 494
468 547
468 563
468 565
468 568
468 579
468 586
468 589
468 612
468 618
468 619
468 620
468 621
468 622
468 628
468 629
468 630
468 631
468 632
468 633
468 634
468 635
468 637
468 638
468 642
468 643
468 655
468 657
468 658
468 660
468 661
468 662
468 663
468 664
468 673
468 676
468 682
468 683
468 684
468 685
468 686
468 687
468 702
468 703
468 704
468 705
468 706
468 707
468 708
468 709
468 710
468 711
468 712
468 713
468 714
468 715
468 716
468 717
468 718
468 719
468 720
468 721
468 722
468 731
468 733
468 738
468 739
468 740
468 741
468 742
468 743
468 750
468 754
468 755
468 756
468 759
468 762
468 763
468 764
468 765
468 766
468 769
468 770
468 773
468 834
468 838
468 839
468 840
468 842
468 843
468 847
468 848
468 849
468 850
468 851
468 852
468 853
468 854
468 858
468 862
468 864
468 868
468 967
468 968
469 124
469 280
469 281
469 292
469 293
469 294
469 314
469 315
469 338
469 339
469 348
469 349
469 350
469 382
469 383
469 384
469 385
469 412
469 416
469 419
469 420
469 421
469 452
469 453
469 454
469 455
469 478
469 479
469 480
469 490
469 493
469 494
469 547
469 563
469 565
469 567
469 569
469 585
469 586
469 589
469 613
469 615
469 616
469 617
469 618
469 636
469 637
469 639
469 643
469 644
469 645
469 646
469 647
469 652
469 655
469 657
469 658
469 660
469 673
469 676
469 692
469 693
469 694
469 723
469 724
469 725
469 726
469 727
469 728
469 729
469 731
469 733
469 734
469 735
469 736
469 737
469 741
469 743
469 744
469 745
469 746
469 747
469 748
469 749
469 751
469 753
469 754
469 755
469 757
469 758
469 759
469 760
469 767
469 770
469 773
469 774
469 778
469 779
469 780
469 834
469 841
469 844
469 845
469 846
469 858
469 862
469 864
469 868
470 57
470 87
470 282
470 283
470 284
470 294
470 295
470 315
470 316
470 340
470 343
470 348
470 351
470 352
470 386
470 387
470 413
470 414
470 415
470 417
470 421
470 452
470 470
470 471
470 472
470 473
470 480
470 481
470 490
470 491
470 492
470 498
470 499
470 500
470 501
470 502
470 547
470 563
470 565
470 567
470 569
470 583
470 584
470 585
470 588
470 590
470 591
470 613
470 614
470 624
470 639
470 640
470 641
470 643
470 652
470 653
470 655
470 660
470 673
470 676
470 682
470 683
470 684
470 685
470 686
470 696
470 697
470 698
470 699
470 700
470 701
470 702
470 703
470 704
470 705
470 706
470 707
470 708
470 712
470 713
470 714
470 715
470 716
470 717
470 718
470 719
470 729
470 730
470 738
470 739
470 740
470 741
470 764
470 765
470 766
470 767
470 770
470 771
470 772
470 781
470 782
470 783
470 784
470 785
470 786
470 787
470 788
470 789
470 790
470 791
470 792
470 793
470 794
470 795
470 796
470 797
470 798
470 799
470 800
470 801
470 802
470 803
470 804
470 805
470 806
470 807
470 808
470 809
470 810
470 811
470 812
470 813
470 814
470 815
470 816
470 817
470 818
470 819
470 820
470 821
470 822
470 823
470 824
470 825
470 826
470 827
470 828
470 829
470 830
470 831
470 832
470 833
470 834
470 835
470 836
470 837
470 838
470 846
470 849
470 850
470 851
470 852
470 853
470 854
470 857
470 858
470 861
470 864
470 868
470 901
470 902
470 903
470 937
471 284
471 285
471 286
471 295
471 296
471 344
471 345
471 348
471 391
471 419
471 420
471 421
471 453
471 474
471 475
471 478
471 481
471 482
471 483
471 492
471 503
471 547
471 563
471 567
471 569
471 624
471 625
471 626
471 627
471 638
471 639
471 643
471 646
471 652
471 655
471 657
471 660
471 673
471 676
471 680
471 681
471 727
471 728
471 732
471 733
471 734
471 735
471 736
471 737
471 742
471 743
471 744
471 745
471 746
471 747
471 748
471 749
471 750
471 751
471 752
471 753
471 754
471 757
471 758
471 759
471 760
471 761
471 762
471 763
471 764
471 766
471 768
471 770
471 773
471 774
471 782
471 841
471 848
471 849
471 855
471 857
471 859
471 860
471 862
471 863
471 867
471 869
471 903
471 904
471 938
472 286
472 287
472 296
472 342
472 343
472 346
472 349
472 350
472 351
472 390
472 392
472 409
472 410
472 411
472 412
472 421
472 422
472 423
472 424
472 425
472 426
472 475
472 476
472 479
472 503
472 547
472 550
472 551
472 563
472 567
472 570
472 582
472 583
472 590
472 597
472 598
472 627
472 640
472 641
472 642
472 645
472 646
472 652
472 653
472 655
472 657
472 660
472 673
472 676
472 679
472 680
472 740
472 741
472 754
472 756
472 757
472 763
472 766
472 768
472 770
472 782
472 840
472 841
472 846
472 847
472 848
472 863
472 866
472 904
473 235
473 236
473 238
473 239
473 245
473 282
473 283
473 287
473 288
473 289
473 290
473 291
473 292
473 293
473 294
473 295
473 343
473 344
473 347
473 366
473 390
473 393
473 409
473 412
473 413
473 414
473 426
473 427
473 477
473 479
473 480
473 481
473 503
473 547
473 550
473 553
473 563
473 568
473 570
473 583
473 590
473 598
473 614
473 624
473 625
473 627
473 645
473 649
473 652
473 653
473 655
473 657
473 660
473 661
473 673
473 676
473 678
473 679
473 739
473 742
473 743
473 744
473 746
473 751
473 752
473 753
473 754
473 755
473 762
473 766
473 768
473 770
473 781
473 782
473 840
473 846
473 859
473 860
473 863
473 866
473 904
473 938
474 99
474 237
474 245
474 246
474 280
474 284
474 285
474 286
474 341
474 344
474 345
474 347
474 348
474 366
474 367
474 390
474 391
474 409
474 410
474 414
474 415
474 427
474 428
474 477
474 481
474 482
474 483
474 523
474 524
474 525
474 526
474 527
474 528
474 529
474 530
474 531
474 532
474 533
474 534
474 535
474 536
474 537
474 538
474 539
474 540
474 541
474 542
474 543
474 544
474 545
474 547
474 548
474 549
474 554
474 563
474 564
474 568
474 571
474 583
474 584
474 585
474 586
474 589
474 590
474 596
474 597
474 598
474 599
474 600
474 613
474 625
474 627
474 637
474 638
474 639
474 644
474 646
474 647
474 649
474 650
474 651
474 652
474 655
474 656
474 661
474 662
474 663
474 673
474 676
474 677
474 678
474 745
474 747
474 748
474 749
474 750
474 757
474 758
474 760
474 761
474 762
474 766
474 768
474 770
474 775
474 781
474 782
474 845
474 846
474 857
474 860
474 863
474 865
474 866
474 905
475 247
475 248
475 249
475 250
475 281
475 282
475 342
475 343
475 368
475 369
475 391
475 392
475 393
475 410
475 429
475 465
475 466
475 467
475 468
475 469
475 470
475 471
475 472
475 473
475 474
475 475
475 478
475 522
475 547
475 554
475 555
475 556
475 557
475 558
475 559
475 560
475 561
475 564
475 568
475 572
475 573
475 574
475 575
475 576
475 577
475 586
475 587
475 588
475 589
475 592
475 595
475 601
475 602
475 603
475 604
475 605
475 606
475 609
475 610
475 611
475 612
475 613
475 627
475 631
475 633
475 634
475 635
475 636
475 640
475 641
475 642
475 653
475 656
475 659
475 661
475 663
475 673
475 676
475 759
475 766
475 768
475 775
475 776
475 777
475 778
475 779
475 780
475 781
475 782
475 846
475 855
475 857
475 861
475 862
475 863
475 959
476 211
476 212
476 213
476 214
476 215
476 247
476 250
476 260
476 282
476 344
476 352
476 370
476 418
476 467
476 476
476 479
476 480
476 481
476 482
476 547
476 548
476 562
476 565
476 566
476 568
476 569
476 570
476 577
476 592
476 594
476 595
476 606
476 607
476 608
476 613
476 622
476 626
476 630
476 631
476 632
476 642
476 646
476 654
476 656
476 660
476 663
476 673
476 675
476 709
476 710
476 766
476 769
476 777
476 782
476 841
476 842
476 843
476 846
476 855
476 856
476 857
476 859
476 863
477 183
477 216
477 217
477 218
477 219
477 247
477 248
477 249
477 250
477 251
477 259
477 261
477 262
477 263
477 264
477 265
477 266
477 267
477 268
477 315
477 316
477 317
477 345
477 346
477 353
477 354
477 355
477 370
477 410
477 411
477 412
477 418
477 421
477 422
477 458
477 459
477 460
477 461
477 462
477 463
477 464
477 465
477 468
477 483
477 484
477 547
477 551
477 552
477 553
477 554
477 555
477 556
477 557
477 558
477 559
477 562
477 571
477 572
477 573
477 574
477 575
477 578
477 592
477 593
477 608
477 609
477 613
477 623
477 625
477 629
477 630
477 645
477 653
477 654
477 655
477 657
477 658
477 659
477 663
477 673
477 675
477 710
477 711
477 767
477 769
477 777
477 782
477 841
477 843
477 846
477 858
477 860
477 861
477 863
477 864
478 180
478 181
478 252
478 253
478 254
478 255
478 258
478 269
478 270
478 271
478 272
478 273
478 274
478 300
478 311
478 312
478 313
478 314
478 317
478 318
478 355
478 370
478 410
478 412
478 417
478 418
478 420
478 423
478 465
478 466
478 468
478 484
478 485
478 486
478 510
478 511
478 512
478 547
478 559
478 560
478 561
478 562
478 571
478 576
478 578
478 609
478 610
478 611
478 616
478 617
478 618
478 624
478 628
478 629
478 644
478 645
478 646
478 650
478 651
478 652
478 653
478 659
478 660
478 663
478 673
478 676
478 703
478 711
478 712
478 767
478 769
478 782
478 841
478 843
478 846
478 858
478 1056
479 182
479 195
479 196
479 197
479 198
479 250
479 256
479 258
479 259
479 260
479 271
479 281
479 288
479 299
479 300
479 301
479 302
479 303
479 304
479 305
479 306
479 307
479 308
479 309
479 310
479 352
479 353
479 356
479 370
479 372
479 375
479 410
479 413
479 416
479 418
479 419
479 421
479 466
479 468
479 510
479 548
479 559
479 562
479 572
479 574
479 576
479 578
479 579
479 580
479 581
479 582
479 583
479 584
479 585
479 586
479 587
479 588
479 589
479 590
479 591
479 592
479 593
479 594
479 595
479 596
479 597
479 598
479 599
479 600
479 606
479 607
479 608
479 609
479 616
479 619
479 620
479 621
479 622
479 624
479 625
479 627
479 628
479 645
479 646
479 649
479 650
479 660
479 661
479 664
479 673
479 676
479 704
479 732
479 733
479 766
479 773
479 782
479 841
479 843
479 846
480 196
480 224
480 251
480 252
480 253
480 254
480 255
480 261
480 262
480 263
480 265
480 271
480 281
480 282
480 288
480 289
480 292
480 300
480 310
480 311
480 312
480 314
480 315
480 316
480 317
480 353
480 357
480 358
480 371
480 373
480 374
480 375
480 376
480 377
480 378
480 379
480 400
480 401
480 402
480 403
480 410
480 413
480 419
480 420
480 421
480 426
480 548
480 560
480 563
480 572
480 573
480 574
480 576
480 578
480 615
480 616
480 618
480 624
480 625
480 626
480 627
480 631
480 632
480 646
480 649
480 650
480 655
480 656
480 657
480 658
480 661
480 662
480 673
480 676
480 700
480 701
480 702
480 703
480 704
480 731
480 733
480 738
480 766
480 773
480 782
481 137
481 147
481 148
481 196
481 197
481 198
481 222
481 223
481 225
481 226
481 227
481 228
481 265
481 266
481 267
481 268
481 269
481 270
481 271
481 279
481 280
481 282
481 283
481 289
481 290
481 293
481 294
481 300
481 312
481 313
481 354
481 355
481 358
481 359
481 400
481 410
481 413
481 414
481 415
481 422
481 423
481 424
481 425
481 426
481 427
481 428
481 470
481 471
481 547
481 560
481 561
481 563
481 578
481 583
481 584
481 585
481 586
481 587
481 588
481 589
481 590
481 591
481 592
481 593
481 594
481 598
481 599
481 600
481 613
481 614
481 618
481 624
481 630
481 632
481 633
481 634
481 635
481 636
481 646
481 648
481 649
481 663
481 673
481 675
481 676
481 700
481 714
481 715
481 716
481 717
481 718
481 719
481 720
481 733
481 734
481 736
481 737
481 738
481 763
481 764
481 765
481 766
481 768
481 773
481 775
481 780
481 781
481 782
482 125
482 134
482 137
482 148
482 199
482 200
482 201
482 202
482 203
482 204
482 205
482 229
482 230
482 259
482 260
482 261
482 262
482 284
482 285
482 291
482 294
482 295
482 301
482 302
482 303
482 304
482 305
482 308
482 309
482 310
482 327
482 328
482 356
482 357
482 359
482 360
482 409
482 410
482 411
482 415
482 416
482 417
482 418
482 419
482 420
482 428
482 429
482 430
482 431
482 472
482 473
482 474
482 475
482 476
482 477
482 544
482 545
482 546
482 547
482 555
482 556
482 557
482 561
482 563
482 564
482 565
482 570
482 571
482 575
482 579
482 580
482 595
482 596
482 597
482 598
482 613
482 617
482 644
482 645
482 647
482 653
482 654
482 657
482 658
482 659
482 660
482 661
482 664
482 665
482 666
482 673
482 676
482 696
482 697
482 698
482 699
482 700
482 713
482 714
482 720
482 721
482 727
482 730
482 731
482 734
482 735
482 740
482 741
482 742
482 766
482 769
482 774
482 776
482 779
482 780
483 118
483 119
483 120
483 121
483 122
483 123
483 125
483 134
483 137
483 148
483 165
483 166
483 167
483 196
483 197
483 205
483 206
483 207
483 225
483 226
483 227
483 231
483 232
483 244
483 260
483 264
483 265
483 266
483 267
483 268
483 269
483 279
483 280
483 283
483 285
483 286
483 287
483 288
483 289
483 291
483 292
483 305
483 306
483 307
483 311
483 312
483 313
483 314
483 316
483 317
483 319
483 320
483 328
483 329
483 330
483 348
483 349
483 350
483 351
483 360
483 370
483 371
483 399
483 411
483 412
483 413
483 422
483 423
483 424
483 432
483 433
483 434
483 465
483 466
483 467
483 468
483 469
483 470
483 471
483 547
483 548
483 549
483 554
483 558
483 559
483 561
483 563
483 564
483 566
483 568
483 569
483 571
483 575
483 576
483 577
483 578
483 582
483 595
483 598
483 602
483 603
483 604
483 605
483 606
483 607
483 608
483 609
483 610
483 611
483 612
483 613
483 616
483 618
483 619
483 620
483 621
483 622
483 623
483 628
483 629
483 635
483 650
483 651
483 654
483 655
483 666
483 667
483 673
483 677
483 693
483 694
483 696
483 698
483 700
483 702
483 703
483 710
483 711
483 712
483 721
483 722
483 723
483 724
483 726
483 728
483 731
483 732
483 737
483 738
483 739
483 742
483 743
483 744
483 745
483 766
483 769
483 774
483 776
483 778
483 779
483 1082
484 102
484 103
484 104
484 105
484 106
484 110
484 111
484 112
484 113
484 125
484 135
484 137
484 148
484 151
484 155
484 156
484 157
484 158
484 168
484 198
484 199
484 200
484 201
484 202
484 226
484 228
484 229
484 232
484 244
484 245
484 246
484 247
484 259
484 260
484 269
484 279
484 281
484 282
484 283
484 292
484 293
484 294
484 301
484 302
484 303
484 307
484 318
484 320
484 321
484 330
484 331
484 372
484 373
484 374
484 379
484 380
484 381
484 397
484 398
484 400
484 401
484 402
484 414
484 415
484 419
484 420
484 421
484 424
484 472
484 473
484 548
484 554
484 560
484 563
484 569
484 571
484 582
484 594
484 595
484 596
484 597
484 598
484 602
484 605
484 612
484 614
484 615
484 616
484 623
484 627
484 628
484 629
484 630
484 635
484 636
484 637
484 638
484 639
484 640
484 641
484 642
484 645
484 646
484 652
484 655
484 656
484 661
484 662
484 663
484 664
484 667
484 668
484 673
484 676
484 695
484 704
484 710
484 712
484 726
484 728
484 732
484 733
484 734
484 735
484 736
484 737
484 745
484 767
484 769
484 777
484 778
485 101
485 102
485 106
485 107
485 114
485 115
485 116
485 117
485 118
485 119
485 125
485 138
485 148
485 149
485 150
485 151
485 152
485 153
485 154
485 158
485 159
485 160
485 161
485 162
485 163
485 164
485 165
485 166
485 168
485 169
485 203
485 204
485 205
485 206
485 207
485 229
485 230
485 231
485 232
485 243
485 244
485 247
485 248
485 260
485 261
485 270
485 271
485 289
485 304
485 305
485 308
485 318
485 331
485 332
485 370
485 375
485 378
485 382
485 383
485 396
485 399
485 403
485 404
485 405
485 411
485 415
485 417
485 418
485 421
485 422
485 425
485 426
485 473
485 547
485 548
485 550
485 551
485 554
485 555
485 556
485 557
485 558
485 563
485 569
485 571
485 577
485 581
485 582
485 604
485 614
485 620
485 621
485 622
485 623
485 627
485 643
485 644
485 646
485 651
485 652
485 656
485 661
485 664
485 665
485 668
485 669
485 673
485 676
485 695
485 697
485 701
485 702
485 703
485 709
485 710
485 712
485 726
485 728
485 737
485 745
485 767
485 769
485 774
485 775
485 776
486 79
486 80
486 103
486 104
486 105
486 108
486 120
486 121
486 122
486 123
486 124
486 125
486 126
486 127
486 128
486 129
486 130
486 131
486 132
486 133
486 134
486 135
486 136
486 137
486 138
486 149
486 225
486 226
486 227
486 244
486 249
486 250
486 251
486 252
486 253
486 254
486 255
486 256
486 259
486 261
486 262
486 263
486 264
486 282
486 283
486 284
486 285
486 286
486 287
486 288
486 289
486 292
486 305
486 306
486 309
486 310
486 318
486 319
486 322
486 330
486 331
486 371
486 372
486 373
486 376
486 378
486 379
486 380
486 400
486 405
486 406
486 407
486 411
486 413
486 414
486 415
486 418
486 422
486 427
486 428
486 429
486 430
486 547
486 551
486 552
486 559
486 569
486 571
486 573
486 575
486 576
486 578
486 583
486 584
486 585
486 586
486 587
486 588
486 589
486 590
486 591
486 592
486 593
486 594
486 595
486 596
486 597
486 598
486 628
486 629
486 646
486 661
486 662
486 669
486 670
486 673
486 675
486 676
486 677
486 695
486 697
486 701
486 709
486 712
486 715
486 716
486 717
486 718
486 719
486 720
486 721
486 722
486 726
486 728
486 731
486 733
486 737
486 745
486 767
487 79
487 102
487 109
487 110
487 139
487 140
487 141
487 142
487 143
487 144
487 149
487 166
487 167
487 182
487 183
487 184
487 185
487 186
487 187
487 188
487 190
487 191
487 192
487 193
487 194
487 195
487 196
487 197
487 198
487 199
487 200
487 201
487 202
487 203
487 204
487 205
487 206
487 207
487 208
487 209
487 210
487 211
487 212
487 259
487 265
487 266
487 267
487 268
487 269
487 270
487 271
487 272
487 273
487 274
487 275
487 276
487 277
487 278
487 279
487 280
487 281
487 282
487 291
487 292
487 293
487 294
487 295
487 296
487 297
487 298
487 307
487 310
487 311
487 319
487 320
487 322
487 323
487 373
487 374
487 381
487 382
487 401
487 402
487 403
487 407
487 409
487 410
487 411
487 415
487 417
487 418
487 423
487 424
487 425
487 429
487 433
487 547
487 552
487 559
487 563
487 564
487 573
487 574
487 575
487 578
487 580
487 582
487 599
487 600
487 601
487 602
487 603
487 604
487 605
487 606
487 607
487 608
487 609
487 610
487 611
487 612
487 613
487 614
487 615
487 616
487 617
487 672
487 673
487 675
487 677
487 678
487 679
487 680
487 681
487 682
487 683
487 694
487 695
487 697
487 701
487 708
487 709
487 712
487 726
487 728
487 731
487 734
487 735
487 736
487 737
487 745
488 79
488 102
488 111
488 112
488 113
488 123
488 128
488 129
488 131
488 151
488 152
488 153
488 154
488 155
488 156
488 157
488 158
488 159
488 160
488 161
488 162
488 163
488 164
488 165
488 168
488 169
488 170
488 171
488 172
488 173
488 174
488 175
488 176
488 177
488 178
488 179
488 180
488 181
488 189
488 213
488 214
488 215
488 216
488 217
488 218
488 219
488 220
488 221
488 222
488 223
488 224
488 225
488 226
488 227
488 228
488 229
488 230
488 231
488 232
488 233
488 247
488 248
488 249
488 250
488 251
488 252
488 304
488 305
488 311
488 312
488 313
488 314
488 315
488 316
488 324
488 325
488 326
488 327
488 328
488 329
488 330
488 331
488 332
488 333
488 334
488 335
488 336
488 337
488 338
488 339
488 340
488 341
488 342
488 343
488 344
488 346
488 347
488 348
488 349
488 350
488 351
488 352
488 375
488 376
488 378
488 408
488 415
488 419
488 421
488 426
488 427
488 428
488 429
488 432
488 434
488 437
488 547
488 550
488 552
488 553
488 557
488 559
488 560
488 565
488 566
488 567
488 571
488 576
488 578
488 581
488 582
488 583
488 618
488 619
488 620
488 621
488 622
488 623
488 624
488 625
488 626
488 627
488 628
488 629
488 630
488 631
488 632
488 633
488 634
488 635
488 636
488 637
488 638
488 639
488 640
488 641
488 642
488 643
488 644
488 645
488 646
488 647
488 648
488 649
488 650
488 651
488 652
488 653
488 654
488 655
488 656
488 657
488 658
488 659
488 660
488 661
488 662
488 663
488 664
488 665
488 666
488 667
488 668
488 669
488 670
488 671
488 672
488 684
488 685
488 686
488 687
488 688
488 689
488 690
488 691
488 692
488 693
488 697
488 702
488 703
488 704
488 705
488 706
488 707
488 708
488 712
488 713
488 714
488 715
488 716
488 717
488 718
488 719
488 720
488 721
488 722
488 723
488 724
488 725
488 726
488 728
488 731
488 745
488 847
489 79
489 94
489 100
489 101
489 102
489 103
489 112
489 113
489 114
489 128
489 131
489 133
489 134
489 135
489 136
489 137
489 138
489 139
489 140
489 141
489 143
489 144
489 145
489 148
489 157
489 163
489 234
489 235
489 236
489 237
489 238
489 239
489 240
489 241
489 242
489 243
489 244
489 245
489 246
489 251
489 253
489 254
489 255
489 256
489 257
489 258
489 259
489 260
489 261
489 262
489 263
489 264
489 265
489 266
489 267
489 268
489 269
489 270
489 271
489 272
489 273
489 274
489 275
489 276
489 277
489 278
489 279
489 280
489 281
489 282
489 285
489 286
489 287
489 288
489 289
489 290
489 291
489 292
489 293
489 294
489 295
489 296
489 330
489 332
489 341
489 353
489 376
489 378
489 379
489 408
489 409
489 410
489 411
489 412
489 417
489 420
489 421
489 430
489 431
489 438
489 439
489 441
489 491
489 547
489 551
489 552
489 554
489 555
489 556
489 560
489 561
489 562
489 563
489 564
489 565
489 567
489 571
489 574
489 577
489 578
489 581
489 592
489 593
489 594
489 595
489 596
489 609
489 610
489 611
489 697
489 701
489 702
489 726
489 728
489 731
489 734
490 79
490 94
490 95
490 96
490 97
490 98
490 99
490 103
490 115
490 116
490 117
490 127
490 142
490 143
490 145
490 148
490 150
490 157
490 162
490 163
490 222
490 223
490 226
490 283
490 284
490 297
490 298
490 299
490 300
490 301
490 302
490 303
490 304
490 305
490 306
490 307
490 308
490 309
490 310
490 311
490 312
490 313
490 341
490 342
490 343
490 344
490 345
490 346
490 347
490 363
490 364
490 367
490 368
490 369
490 370
490 371
490 372
490 373
490 374
490 375
490 377
490 379
490 380
490 381
490 382
490 384
490 385
490 386
490 387
490 388
490 389
490 390
490 391
490 392
490 393
490 394
490 395
490 396
490 397
490 398
490 399
490 400
490 415
490 418
490 421
490 431
490 436
490 439
490 441
490 442
490 486
490 487
490 488
490 489
490 490
490 491
490 492
490 493
490 547
490 551
490 565
490 567
490 568
490 571
490 572
490 573
490 574
490 577
490 578
490 581
490 625
490 626
490 627
490 673
490 674
490 675
490 676
490 677
490 678
490 679
490 680
490 681
490 682
490 683
490 684
490 685
490 686
490 687
490 688
490 694
490 697
490 701
490 1088
491 79
491 89
491 90
491 91
491 92
491 93
491 99
491 103
491 104
491 105
491 106
491 107
491 108
491 109
491 110
491 111
491 112
491 118
491 119
491 120
491 121
491 122
491 123
491 124
491 125
491 126
491 127
491 130
491 142
491 148
491 150
491 222
491 245
491 275
491 277
491 314
491 315
491 316
491 317
491 318
491 319
491 320
491 321
491 322
491 323
491 324
491 325
491 326
491 327
491 328
491 329
491 330
491 402
491 403
491 404
491 405
491 408
491 409
491 410
491 411
491 412
491 416
491 421
491 422
491 430
491 431
491 432
491 437
491 439
491 442
491 493
491 494
491 497
491 547
491 551
491 556
491 557
491 558
491 559
491 560
491 564
491 565
491 568
491 569
491 570
491 571
491 574
491 575
491 576
491 581
491 694
491 697
491 701
492 95
492 96
492 97
492 98
492 99
492 100
492 128
492 129
492 130
492 131
492 132
492 133
492 134
492 135
492 136
492 137
492 138
492 139
492 140
492 141
492 142
492 144
492 147
492 150
492 152
492 162
492 163
492 164
492 165
492 166
492 167
492 168
492 169
492 170
492 171
492 172
492 173
492 174
492 175
492 176
492 177
492 178
492 179
492 180
492 181
492 182
492 183
492 184
492 185
492 186
492 187
492 188
492 189
492 190
492 191
492 192
492 193
492 194
492 195
492 196
492 197
492 198
492 199
492 200
492 201
492 202
492 203
492 204
492 205
492 206
492 207
492 208
492 209
492 210
492 211
492 212
492 213
492 214
492 215
492 216
492 217
492 218
492 219
492 220
492 221
492 222
492 223
492 224
492 225
492 226
492 227
492 228
492 229
492 230
492 231
492 232
492 233
492 234
492 235
492 236
492 237
492 238
492 239
492 240
492 241
492 242
492 243
492 244
492 245
492 275
492 277
492 329
492 331
492 332
492 333
492 334
492 335
492 336
492 337
492 338
492 339
492 340
492 341
492 342
492 346
492 347
492 348
492 349
492 350
492 351
492 352
492 353
492 354
492 355
492 356
492 357
492 358
492 359
492 360
492 361
492 362
492 363
492 364
492 365
492 366
492 367
492 368
492 369
492 370
492 371
492 372
492 373
492 374
492 375
492 380
492 381
492 382
492 383
492 384
492 385
492 395
492 396
492 397
492 413
492 414
492 423
492 424
492 425
492 426
492 427
492 430
492 436
492 439
492 442
492 443
492 445
492 495
492 496
492 497
492 547
492 548
492 549
492 550
492 551
492 552
492 553
492 554
492 555
492 556
492 561
492 562
492 563
492 566
492 572
492 573
492 574
492 577
492 578
492 581
492 692
492 693
492 697
493 91
493 92
493 93
493 94
493 143
493 144
493 145
493 146
493 151
493 152
493 155
493 156
493 157
493 158
493 159
493 160
493 161
493 246
493 247
493 248
493 249
493 250
493 251
493 252
493 253
493 254
493 255
493 256
493 257
493 258
493 259
493 260
493 261
493 262
493 263
493 264
493 265
493 266
493 267
493 268
493 269
493 270
493 271
493 272
493 273
493 274
493 275
493 276
493 277
493 331
493 343
493 344
493 345
493 376
493 377
493 378
493 379
493 386
493 387
493 388
493 389
493 390
493 391
493 392
493 393
493 394
493 398
493 399
493 400
493 401
493 402
493 403
493 404
493 405
493 406
493 412
493 413
493 414
493 415
493 419
493 420
493 421
493 427
493 428
493 429
493 430
493 439
493 444
493 551
493 558
493 559
493 566
493 567
493 574
493 575
493 577
493 578
493 579
493 581
494 91
494 151
494 154
494 278
494 279
494 280
494 281
494 282
494 283
494 284
494 285
494 286
494 287
494 288
494 289
494 290
494 291
494 292
494 293
494 294
494 295
494 296
494 297
494 298
494 299
494 300
494 301
494 302
494 303
494 304
494 305
494 306
494 307
494 308
494 309
494 310
494 311
494 312
494 315
494 328
494 329
494 330
494 407
494 408
494 409
494 410
494 411
494 412
494 416
494 417
494 418
494 421
494 422
494 423
494 424
494 435
494 436
494 437
494 439
494 440
494 441
494 442
494 547
494 551
494 560
494 561
494 562
494 569
494 570
494 571
494 574
494 576
494 579
494 582
495 141
495 142
495 143
495 149
495 151
495 154
495 161
495 162
495 163
495 164
495 165
495 178
495 179
495 180
495 181
495 182
495 183
495 184
495 185
495 186
495 201
495 202
495 203
495 313
495 314
495 316
495 317
495 318
495 319
495 320
495 321
495 322
495 323
495 324
495 325
495 326
495 327
495 330
495 331
495 332
495 333
495 334
495 335
495 336
495 337
495 338
495 339
495 340
495 341
495 342
495 343
495 344
495 345
495 346
495 347
495 348
495 349
495 350
495 351
495 352
495 353
495 354
495 355
495 356
495 357
495 358
495 359
495 360
495 361
495 363
495 364
495 369
495 370
495 371
495 377
495 378
495 379
495 380
495 381
495 382
495 383
495 394
495 395
495 396
495 397
495 425
495 426
495 427
495 428
495 429
495 432
495 437
495 442
495 547
495 551
495 570
495 574
495 576
495 579
495 581
496 108
496 109
496 110
496 139
496 140
496 144
496 145
496 146
496 147
496 148
496 149
496 151
496 153
496 155
496 159
496 160
496 166
496 167
496 168
496 169
496 170
496 171
496 172
496 173
496 174
496 178
496 187
496 188
496 189
496 190
496 191
496 192
496 193
496 194
496 203
496 362
496 365
496 366
496 367
496 368
496 372
496 373
496 374
496 375
496 376
496 384
496 385
496 386
496 387
496 388
496 389
496 390
496 391
496 392
496 393
496 398
496 399
496 400
496 401
496 402
496 403
496 404
496 405
496 406
496 407
496 408
496 409
496 410
496 411
496 412
496 413
496 414
496 415
496 416
496 417
496 418
496 419
496 420
496 421
496 430
496 431
496 433
496 434
496 435
496 436
496 437
496 442
496 443
496 444
496 546
496 547
496 550
496 570
496 571
496 573
496 576
496 579
496 580
496 581
496 583
497 106
497 107
497 111
497 112
497 113
497 133
497 134
497 155
497 174
497 175
497 194
497 195
497 196
497 197
497 198
497 199
497 200
497 202
497 203
497 438
497 439
497 440
497 441
497 443
497 445
497 446
497 447
497 448
497 449
497 450
497 451
497 452
497 453
497 454
497 516
497 517
497 518
497 519
497 520
497 546
497 550
497 571
497 572
497 577
497 580
497 583
497 855
498 98
498 99
498 100
498 101
498 102
498 103
498 104
498 105
498 106
498 114
498 115
498 116
498 117
498 118
498 119
498 120
498 131
498 132
498 135
498 136
498 137
498 138
498 139
498 140
498 141
498 142
498 143
498 144
498 145
498 146
498 155
498 156
498 157
498 158
498 159
498 160
498 161
498 162
498 163
498 164
498 165
498 175
498 176
498 177
498 178
498 179
498 201
498 202
498 203
498 337
498 338
498 339
498 340
498 341
498 342
498 353
498 354
498 394
498 395
498 404
498 405
498 406
498 407
498 408
498 411
498 412
498 413
498 414
498 415
498 454
498 455
498 456
498 457
498 458
498 459
498 460
498 461
498 462
498 463
498 466
498 474
498 515
498 516
498 546
498 551
498 572
498 580
498 583
498 703
499 98
499 121
499 122
499 131
499 152
499 167
499 168
499 169
499 171
499 172
499 179
499 180
499 181
499 182
499 183
499 203
499 204
499 205
499 206
499 207
499 209
499 216
499 217
499 218
499 219
499 235
499 236
499 320
499 321
499 322
499 323
499 324
499 325
499 326
499 327
499 328
499 329
499 330
499 331
499 337
499 343
499 344
499 345
499 346
499 347
499 353
499 355
499 356
499 357
499 358
499 359
499 360
499 368
499 369
499 370
499 371
499 372
499 373
499 374
499 375
499 379
499 380
499 381
499 382
499 383
499 384
499 416
499 417
499 418
499 419
499 420
499 421
499 422
499 423
499 424
499 425
499 426
499 427
499 428
499 429
499 430
499 431
499 432
499 433
499 434
499 435
499 436
499 437
499 438
499 442
499 444
499 455
499 464
499 465
499 474
499 475
499 513
499 514
499 519
499 520
499 521
499 522
499 523
499 526
499 527
499 546
499 547
499 551
499 576
499 578
499 579
499 580
499 581
499 583
500 96
500 97
500 111
500 112
500 122
500 123
500 131
500 134
500 135
500 136
500 146
500 147
500 148
500 149
500 150
500 151
500 167
500 170
500 171
500 173
500 183
500 207
500 208
500 210
500 212
500 213
500 214
500 215
500 220
500 221
500 222
500 223
500 224
500 225
500 226
500 227
500 228
500 229
500 230
500 231
500 232
500 233
500 234
500 237
500 238
500 239
500 240
500 241
500 242
500 243
500 244
500 245
500 246
500 247
500 248
500 249
500 250
500 251
500 252
500 253
500 254
500 255
500 256
500 257
500 258
500 259
500 260
500 261
500 262
500 263
500 264
500 265
500 266
500 267
500 268
500 269
500 270
500 271
500 272
500 273
500 274
500 275
500 276
500 277
500 278
500 279
500 280
500 281
500 282
500 283
500 284
500 285
500 286
500 287
500 288
500 312
500 313
500 314
500 315
500 317
500 318
500 319
500 332
500 333
500 334
500 335
500 336
500 337
500 348
500 349
500 350
500 351
500 352
500 353
500 361
500 362
500 363
500 364
500 365
500 367
500 368
500 376
500 378
500 379
500 384
500 439
500 440
500 441
500 443
500 444
500 445
500 446
500 447
500 448
500 449
500 450
500 451
500 452
500 453
500 454
500 455
500 460
500 461
500 474
500 513
500 517
500 518
500 519
500 523
500 524
500 525
500 526
500 547
500 551
500 576
500 578
500 581
501 97
501 112
501 123
501 124
501 128
501 129
501 130
501 131
501 134
501 151
501 152
501 173
501 207
501 289
501 290
501 291
501 292
501 293
501 294
501 295
501 296
501 297
501 298
501 299
501 300
501 301
501 302
501 303
501 304
501 305
501 306
501 307
501 308
501 309
501 310
501 311
501 316
501 317
501 339
501 340
501 341
501 365
501 366
501 367
501 372
501 376
501 377
501 380
501 381
501 384
501 385
501 456
501 457
501 458
501 459
501 462
501 463
501 464
501 465
501 466
501 467
501 468
501 469
501 470
501 471
501 472
501 473
501 474
501 475
501 476
501 516
501 521
501 522
501 547
501 551
501 554
501 576
501 579
501 580
501 581
501 804
502 68
502 69
502 70
502 71
502 72
502 73
502 74
502 75
502 97
502 112
502 125
502 126
502 127
502 134
502 152
502 173
502 207
502 211
502 212
502 213
502 214
502 215
502 216
502 217
502 218
502 219
502 220
502 221
502 222
502 223
502 224
502 225
502 226
502 227
502 228
502 229
502 230
502 231
502 232
502 233
502 234
502 235
502 236
502 237
502 238
502 239
502 240
502 241
502 242
502 243
502 244
502 253
502 254
502 255
502 256
502 257
502 258
502 259
502 260
502 261
502 262
502 263
502 264
502 265
502 266
502 267
502 268
502 269
502 270
502 271
502 272
502 273
502 274
502 275
502 276
502 277
502 278
502 279
502 280
502 281
502 282
502 283
502 284
502 285
502 286
502 287
502 309
502 311
502 317
502 321
502 341
502 343
502 344
502 345
502 346
502 347
502 358
502 359
502 360
502 361
502 362
502 378
502 384
502 476
502 477
502 478
502 479
502 480
502 481
502 482
502 483
502 484
502 485
502 486
502 487
502 488
502 489
502 490
502 511
502 512
502 513
502 514
502 515
502 521
502 548
502 550
502 555
502 556
502 576
502 578
502 581
503 66
503 67
503 76
503 77
503 97
503 112
503 134
503 152
503 173
503 202
503 207
503 211
503 245
503 246
503 247
503 248
503 249
503 250
503 251
503 252
503 258
503 287
503 288
503 289
503 290
503 291
503 292
503 293
503 294
503 295
503 296
503 297
503 298
503 299
503 300
503 301
503 302
503 303
503 304
503 305
503 306
503 307
503 308
503 309
503 310
503 317
503 319
503 320
503 321
503 340
503 342
503 358
503 383
503 514
503 547
503 551
503 553
504 66
504 77
504 78
504 97
504 113
504 114
504 132
504 133
504 134
504 154
504 155
504 173
504 175
504 176
504 177
504 178
504 179
504 180
504 181
504 182
504 183
504 184
504 185
504 186
504 187
504 188
504 189
504 190
504 191
504 192
504 193
504 194
504 195
504 196
504 197
504 198
504 202
504 207
504 211
504 220
504 221
504 222
504 231
504 232
504 233
504 258
504 273
504 274
504 301
504 303
504 309
504 318
504 337
504 338
504 339
504 340
504 342
504 383
504 515
504 547
504 548
504 551
504 554
505 17
505 18
505 66
505 67
505 68
505 79
505 80
505 98
505 99
505 100
505 199
505 202
505 204
505 205
505 207
505 211
505 219
505 220
505 222
505 231
505 233
505 251
505 252
505 253
505 254
505 255
505 256
505 258
505 281
505 282
505 283
505 284
505 286
505 287
505 288
505 307
505 308
505 309
505 318
505 325
505 326
505 327
505 342
505 383
505 511
505 512
505 513
505 514
505 547
505 549
505 550
505 865
506 18
506 80
506 81
506 105
506 106
506 107
506 108
506 109
506 110
506 111
506 112
506 116
506 117
506 118
506 119
506 120
506 121
506 122
506 123
506 124
506 125
506 126
506 127
506 128
506 129
506 130
506 131
506 132
506 133
506 134
506 135
506 136
506 137
506 138
506 139
506 140
506 141
506 142
506 143
506 144
506 145
506 146
506 147
506 148
506 149
506 150
506 151
506 152
506 153
506 154
506 155
506 156
506 157
506 158
506 159
506 160
506 161
506 162
506 163
506 164
506 165
506 166
506 167
506 168
506 169
506 170
506 171
506 172
506 173
506 174
506 175
506 176
506 177
506 178
506 179
506 180
506 181
506 182
506 183
506 184
506 185
506 186
506 187
506 188
506 189
506 190
506 191
506 192
506 193
506 194
506 195
506 196
506 197
506 198
506 199
506 200
506 201
506 203
506 205
506 206
506 207
506 212
506 220
506 221
506 222
506 223
506 231
506 232
506 233
506 251
506 257
506 271
506 272
506 273
506 274
506 275
506 281
506 283
506 286
506 289
506 307
506 309
506 340
506 341
506 357
506 358
506 359
506 360
506 383
506 733
507 19
507 20
507 25
507 26
507 81
507 82
507 83
507 84
507 85
507 86
507 87
507 88
507 89
507 90
507 95
507 96
507 97
507 98
507 99
507 100
507 101
507 102
507 103
507 104
507 113
507 114
507 115
507 201
507 202
507 207
507 211
507 250
507 256
507 257
507 281
507 282
507 283
507 284
507 286
507 287
507 288
507 289
507 307
507 309
507 310
507 317
507 318
507 319
507 320
507 321
507 322
507 323
507 324
507 325
507 326
507 327
507 369
507 370
507 383
508 19
508 23
508 24
508 33
508 36
508 75
508 76
508 77
508 91
508 92
508 93
508 94
508 100
508 104
508 175
508 207
508 211
508 250
508 252
508 253
508 254
508 255
508 256
508 307
508 310
508 318
508 328
508 329
508 330
508 331
508 332
508 333
508 334
508 335
508 336
508 337
508 338
508 339
508 340
508 341
508 342
508 343
508 344
508 345
508 346
508 347
508 348
508 349
508 350
508 351
508 352
508 353
508 354
508 355
508 356
508 357
508 358
508 359
508 360
508 383
508 558
508 1148
509 20
509 21
509 22
509 23
509 32
509 33
509 34
509 36
509 74
509 101
509 146
509 149
509 152
509 175
509 177
509 208
509 211
509 250
509 251
509 252
509 307
509 310
509 317
509 331
509 334
509 348
509 350
509 361
509 362
509 363
509 364
509 365
509 366
509 367
509 368
509 369
509 370
509 371
509 372
509 373
509 374
509 375
509 376
509 377
509 378
509 379
509 380
509 381
509 382
510 20
510 23
510 31
510 34
510 35
510 74
510 81
510 101
510 144
510 146
510 149
510 152
510 175
510 177
510 208
510 211
510 306
510 310
510 317
510 331
510 333
510 334
510 335
510 336
510 348
510 350
510 379
510 382
511 20
511 21
511 22
511 23
511 32
511 75
511 76
511 77
511 78
511 81
511 82
511 83
511 101
511 144
511 146
511 147
511 149
511 152
511 175
511 178
511 208
511 211
511 301
511 306
511 309
511 317
511 331
511 332
511 348
511 350
511 379
511 382
512 84
512 85
512 86
512 87
512 101
512 122
512 144
512 145
512 147
512 149
512 152
512 175
512 178
512 179
512 208
512 211
512 300
512 301
512 306
512 318
512 334
512 348
512 350
512 379
512 382
513 81
513 82
513 88
513 89
513 100
513 101
513 109
513 121
513 122
513 124
513 131
513 132
513 145
513 147
513 149
513 151
513 152
513 176
513 179
513 207
513 212
513 300
513 306
513 310
513 318
513 333
513 335
513 348
513 350
513 351
513 377
513 378
513 379
513 382
514 83
514 84
514 85
514 89
514 90
514 94
514 95
514 96
514 97
514 98
514 99
514 101
514 102
514 104
514 108
514 120
514 121
514 124
514 125
514 131
514 132
514 133
514 151
514 176
514 177
514 186
514 187
514 207
514 212
514 213
514 214
514 300
514 306
514 309
514 318
514 332
514 333
514 336
514 348
514 351
514 382
515 74
515 75
515 76
515 77
515 86
515 87
515 91
515 92
515 93
515 101
515 103
515 105
515 106
515 107
515 108
515 121
515 124
515 131
515 133
515 139
515 140
515 141
515 151
515 177
515 178
515 188
515 207
515 211
515 215
515 216
515 217
515 218
515 300
515 306
515 310
515 319
515 333
515 334
515 336
515 348
515 351
515 366
515 382
516 77
516 88
516 97
516 100
516 103
516 106
516 109
516 120
516 121
516 124
516 131
516 133
516 141
516 142
516 151
516 179
516 181
516 182
516 183
516 184
516 185
516 186
516 188
516 207
516 210
516 211
516 214
516 218
516 300
516 306
516 310
516 318
516 334
516 335
516 348
516 350
516 352
516 364
516 365
516 366
516 382
516 942
517 0
517 1
517 2
517 3
517 4
517 5
517 6
517 7
517 8
517 9
517 10
517 11
517 12
517 13
517 14
517 15
517 16
517 17
517 18
517 19
517 24
517 27
517 28
517 32
517 33
517 34
517 35
517 36
517 37
517 38
517 39
517 40
517 41
517 42
517 43
517 44
517 45
517 46
517 47
517 48
517 49
517 50
517 69
517 70
517 71
517 72
517 74
517 75
517 76
517 77
517 78
517 79
517 80
517 82
517 83
517 84
517 85
517 86
517 87
517 88
517 89
517 90
517 91
517 92
517 93
517 94
517 95
517 96
517 97
517 98
517 99
517 100
517 101
517 102
517 103
517 104
517 105
517 106
517 107
517 108
517 109
517 110
517 113
517 122
517 123
517 124
517 130
517 131
517 133
517 134
517 135
517 136
517 137
517 138
517 139
517 140
517 141
517 146
517 147
517 148
517 149
517 150
517 181
517 186
517 189
517 193
517 207
517 208
517 210
517 213
517 214
517 215
517 219
517 300
517 307
517 310
517 318
517 334
517 346
517 347
517 349
517 364
517 366
517 381
518 20
518 21
518 22
518 23
518 25
518 26
518 29
518 30
518 31
518 51
518 52
518 53
518 54
518 55
518 56
518 57
518 58
518 59
518 60
518 61
518 62
518 63
518 64
518 65
518 66
518 67
518 68
518 73
518 81
518 83
518 111
518 113
518 132
518 133
518 146
518 186
518 189
518 190
518 193
518 194
518 195
518 208
518 219
518 300
518 307
518 310
518 311
518 318
518 364
518 366
518 381
518 1076
519 78
519 83
519 85
519 86
519 87
519 88
519 99
519 100
519 101
519 102
519 106
519 107
519 110
519 111
519 113
519 114
519 133
519 146
519 187
519 195
519 196
519 198
519 208
519 219
519 300
519 306
519 311
519 318
519 365
519 381
519 382
520 0
520 1
520 2
520 3
520 4
520 5
520 6
520 7
520 8
520 9
520 10
520 11
520 12
520 13
520 14
520 15
520 16
520 17
520 18
520 19
520 20
520 21
520 22
520 23
520 24
520 25
520 26
520 27
520 28
520 29
520 30
520 31
520 32
520 33
520 34
520 35
520 36
520 37
520 38
520 39
520 40
520 41
520 42
520 43
520 44
520 48
520 49
520 50
520 51
520 52
520 65
520 66
520 67
520 68
520 69
520 70
520 71
520 72
520 73
520 74
520 80
520 84
520 89
520 90
520 91
520 92
520 93
520 94
520 95
520 96
520 98
520 108
520 109
520 115
520 133
520 160
520 161
520 162
520 187
520 188
520 189
520 197
520 198
520 199
520 205
520 206
520 207
520 219
520 300
520 306
520 311
520 318
521 82
521 108
521 114
521 115
521 133
521 159
521 160
521 162
521 185
521 186
521 187
521 199
521 200
521 203
521 204
521 205
521 209
521 219
521 300
521 306
521 311
521 318
521 333
521 334
521 335
522 53
522 54
522 55
522 56
522 57
522 58
522 59
522 60
522 61
522 62
522 63
522 64
522 65
522 66
522 67
522 68
522 69
522 70
522 71
522 72
522 73
522 74
522 75
522 76
522 77
522 78
522 83
522 87
522 89
522 90
522 91
522 96
522 97
522 100
522 101
522 102
522 103
522 104
522 105
522 110
522 111
522 112
522 113
522 114
522 133
522 156
522 157
522 158
522 162
522 163
522 180
522 181
522 182
522 183
522 184
522 196
522 197
522 203
522 206
522 207
522 208
522 212
522 219
522 301
522 306
522 311
522 318
522 335
522 336
523 0
523 1
523 2
523 3
523 4
523 5
523 6
523 7
523 8
523 9
523 10
523 11
523 12
523 13
523 14
523 15
523 16
523 17
523 18
523 19
523 20
523 21
523 22
523 23
523 24
523 25
523 26
523 27
523 28
523 29
523 30
523 31
523 32
523 33
523 34
523 35
523 36
523 37
523 38
523 39
523 40
523 41
523 42
523 43
523 44
523 45
523 46
523 47
523 48
523 49
523 50
523 51
523 52
523 98
523 105
523 106
523 109
523 134
523 146
523 147
523 148
523 152
523 153
523 154
523 155
523 179
523 197
523 200
523 201
523 202
523 208
523 210
523 212
523 219
523 301
523 307
523 308
523 309
523 311
523 318
523 336
523 337
524 97
524 100
524 101
524 102
524 103
524 106
524 114
524 115
524 152
524 157
524 158
524 198
524 206
524 207
524 208
524 210
524 212
524 219
524 301
524 306
524 309
524 311
524 318
525 68
525 69
525 70
525 71
525 72
525 73
525 74
525 75
525 76
525 77
525 78
525 79
525 80
525 81
525 82
525 83
525 84
525 85
525 86
525 87
525 88
525 89
525 90
525 91
525 92
525 93
525 94
525 95
525 96
525 97
525 106
525 107
525 108
525 109
525 110
525 111
525 113
525 115
525 146
525 147
525 148
525 149
525 150
525 152
525 153
525 154
525 155
525 156
525 159
525 196
525 197
525 201
525 202
525 205
525 206
525 210
525 211
525 212
525 219
525 301
525 306
525 309
525 311
525 318
525 344
526 28
526 32
526 35
526 36
526 37
526 38
526 39
526 40
526 41
526 42
526 43
526 44
526 45
526 46
526 47
526 48
526 49
526 50
526 51
526 52
526 53
526 54
526 55
526 56
526 57
526 58
526 59
526 60
526 61
526 62
526 63
526 64
526 65
526 66
526 67
526 99
526 100
526 101
526 102
526 103
526 104
526 105
526 112
526 113
526 114
526 116
526 156
526 195
526 196
526 199
526 200
526 204
526 205
526 219
526 301
526 306
526 309
526 576
527 0
527 1
527 2
527 3
527 4
527 5
527 6
527 7
527 8
527 9
527 10
527 11
527 12
527 13
527 14
527 15
527 16
527 17
527 18
527 19
527 20
527 21
527 22
527 23
527 24
527 25
527 26
527 27
527 29
527 30
527 31
527 33
527 34
527 114
527 116
527 154
527 156
527 157
527 194
527 195
527 198
527 199
527 204
527 207
527 208
527 219
528 97
528 114
528 116
528 153
528 192
528 193
528 197
528 203
528 204
528 206
528 209
528 219
529 30
529 32
529 97
529 114
529 116
529 153
529 191
529 192
529 195
529 196
529 202
529 204
529 205
529 206
529 209
529 210
529 219
530 22
530 30
530 32
530 97
530 114
530 116
530 117
530 152
530 153
530 154
530 155
530 189
530 190
530 194
530 195
530 197
530 198
530 204
530 205
530 210
530 211
530 219
531 21
531 22
531 30
531 32
531 54
531 55
531 96
531 97
531 98
531 99
531 114
531 117
531 139
531 140
531 141
531 152
531 155
531 187
531 188
531 192
531 193
531 199
531 200
531 201
531 203
531 204
531 207
531 211
531 219
532 22
532 30
532 32
532 33
532 34
532 35
532 56
532 57
532 58
532 59
532 60
532 61
532 62
532 99
532 100
532 115
532 116
532 117
532 118
532 119
532 141
532 152
532 154
532 155
532 161
532 162
532 163
532 164
532 182
532 183
532 186
532 187
532 190
532 191
532 192
532 199
532 201
532 202
532 205
532 207
532 211
532 219
532 743
533 22
533 23
533 24
533 25
533 26
533 27
533 28
533 29
533 30
533 36
533 37
533 100
533 138
533 139
533 140
533 141
533 152
533 153
533 154
533 161
533 163
533 180
533 183
533 185
533 186
533 189
533 190
533 198
533 199
533 202
533 205
533 207
533 208
533 211
533 219
533 734
533 746
534 7
534 8
534 9
534 10
534 11
534 12
534 13
534 38
534 39
534 100
534 139
534 155
534 163
534 180
534 181
534 182
534 183
534 188
534 189
534 198
534 201
534 202
534 205
534 206
534 208
534 211
535 14
535 15
535 30
535 31
535 32
535 33
535 34
535 35
535 38
535 79
535 100
535 155
535 162
535 163
535 186
535 187
535 188
535 197
535 200
535 201
535 204
535 205
536 11
536 12
536 16
536 35
536 38
536 79
536 100
536 135
536 137
536 162
536 180
536 181
536 182
536 186
536 560
537 13
537 16
537 35
537 38
537 79
537 100
537 135
537 136
537 137
537 173
537 174
537 178
537 179
537 1053
538 13
538 15
538 35
538 37
538 79
538 80
538 99
538 135
538 137
538 581
538 1112
539 13
539 15
539 35
539 37
539 79
539 96
539 97
539 98
539 135
539 136
539 137
539 1104
540 13
540 15
540 35
540 37
540 79
540 80
540 95
540 96
540 136
540 148
540 219
540 728
541 13
541 16
541 35
541 38
541 39
541 40
541 41
541 42
541 43
541 80
541 93
541 94
541 95
541 1158
542 13
542 35
542 36
542 37
542 51
542 66
542 67
542 92
542 93
543 13
543 14
543 15
543 16
543 17
543 18
543 19
543 22
543 23
543 24
543 25
543 26
543 27
543 28
543 29
543 32
543 33
543 51
543 52
543 66
543 92
543 109
543 1106
544 19
544 21
544 22
544 29
544 30
544 31
544 32
544 52
544 66
544 92
545 18
545 19
545 21
545 52
545 66
545 92
546 18
546 21
546 52
546 66
546 581
546 728
547 19
547 21
547 52
547 66
547 219
547 746
547 1037
548 18
548 21
548 29
548 52
548 480
549 19
549 21
549 29
549 43
549 46
549 872
550 16
550 17
550 18
550 19
550 21
550 22
550 23
550 24
550 25
550 26
550 27
550 28
550 29
552 310
552 715
552 1107
554 309
554 885
556 554
556 1052
558 972
559 211
559 724
559 1054
559 1120
559 1122
559 1126
560 3
560 5
561 698
562 713
563 554
564 581
566 731
567 360
567 707
568 264
570 34
570 569
571 525
572 289
572 1011
572 1027
573 149
573 264
573 1011
575 101
575 568
576 96
577 568
577 1127
578 246
578 344
579 345
579 480
579 850
579 1076
580 113
580 261
580 850
581 973
582 256
583 219
584 115
584 145
584 156
584 866
585 873
585 1035
586 856
587 570
588 251
588 717
590 221
592 201
593 247
593 328
596 202
597 219
597 1137
598 121
599 228
599 727
600 208
600 284
602 260
603 1012
604 68
605 313
605 556
607 188
607 324
607 888
608 870
608 944
608 976
608 980
609 65
609 997
610 306
610 457
614 332
616 321
616 1006
617 80
617 82
617 422
618 183
619 312
619 390
619 434
619 831
619 852
619 1095
620 129
620 330
621 895
621 1114
622 286
622 936
622 990
623 515
623 603
623 885
624 354
624 1076
625 43
625 1000
626 25
626 36
626 333
626 1056
628 141
628 565
628 657
629 708
629 1106
630 384
630 417
631 314
631 335
631 349
631 367
631 609
633 365
633 621
633 624
636 36
636 131
636 286
637 636
638 294
641 65
641 647
642 136
643 254
644 167
644 981
647 1172
648 105
648 159
648 924
649 873
699 970
704 978
707 965
710 984
711 1095
714 670
714 942
716 891
716 959
716 1099
723 1154
725 930
729 981
731 976
733 908
733 947
733 1011
733 1158
735 392
735 1105
740 712
741 997
741 1142
743 1059
747 1141
753 912
762 967
769 1159
777 993
781 1038
784 727
784 735
785 636
785 735
788 360
789 725
