593 1111
594 1111
594 1146
594 1147
594 1196
594 1197
594 1198
594 1199
595 1026
595 1027
595 1028
595 1032
595 1033
595 1085
595 1086
595 1087
595 1088
595 1089
595 1090
595 1091
595 1092
595 1093
595 1094
595 1095
595 1096
595 1111
595 1112
595 1113
595 1147
595 1148
595 1149
595 1150
595 1196
595 1198
596 949
596 951
596 952
596 1020
596 1021
596 1022
596 1023
596 1024
596 1025
596 1028
596 1029
596 1030
596 1031
596 1033
596 1083
596 1084
596 1092
596 1095
596 1114
596 1115
596 1116
596 1117
596 1118
596 1119
596 1196
597 880
597 949
597 951
597 1084
597 1093
597 1094
597 1095
597 1096
597 1120
597 1121
597 1122
597 1123
597 1124
597 1125
597 1126
597 1127
597 1128
597 1129
597 1130
597 1131
597 1132
597 1133
597 1134
597 1135
597 1136
597 1137
597 1138
597 1139
597 1140
597 1141
597 1142
597 1143
598 851
598 857
598 868
598 879
598 949
598 1084
598 1085
598 1086
598 1087
598 1092
598 1095
598 1138
598 1144
599 851
599 857
599 869
599 879
599 949
599 1092
599 1095
600 699
600 702
600 716
600 723
600 724
600 725
600 726
600 727
600 728
600 729
600 731
600 741
600 746
600 749
600 851
600 857
600 869
600 879
600 949
600 1092
600 1094
600 1095
601 699
601 702
601 716
601 717
601 718
601 719
601 720
601 721
601 729
601 731
601 741
601 746
601 749
601 851
601 857
601 869
601 879
601 1092
601 1095
602 583
602 584
602 699
602 702
602 729
602 731
602 741
602 746
602 749
602 851
602 857
602 870
602 879
602 1010
602 1012
602 1013
602 1014
602 1093
602 1095
603 526
603 528
603 552
603 557
603 558
603 560
603 572
603 584
603 585
603 699
603 702
603 729
603 731
603 741
603 746
603 749
603 850
603 857
603 870
603 879
603 1010
603 1011
603 1012
603 1018
603 1021
603 1089
603 1090
603 1091
603 1092
603 1095
604 469
604 471
604 481
604 492
604 508
604 509
604 513
604 514
604 515
604 516
604 517
604 518
604 520
604 553
604 556
604 557
604 558
604 559
604 563
604 564
604 572
604 585
604 586
604 699
604 702
604 729
604 731
604 741
604 746
604 749
604 850
604 857
604 858
604 870
604 949
604 1018
604 1021
604 1090
604 1095
605 420
605 422
605 428
605 429
605 437
605 439
605 442
605 443
605 445
605 446
605 449
605 467
605 468
605 469
605 472
605 481
605 491
605 492
605 506
605 507
605 508
605 511
605 524
605 525
605 552
605 553
605 554
605 556
605 564
605 572
605 573
605 586
605 699
605 702
605 731
605 741
605 746
605 749
605 850
605 854
605 858
605 870
605 949
605 1018
605 1019
605 1020
605 1021
605 1095
606 359
606 382
606 420
606 422
606 429
606 437
606 439
606 442
606 444
606 445
606 447
606 449
606 469
606 470
606 472
606 475
606 476
606 477
606 478
606 481
606 491
606 503
606 506
606 511
606 512
606 525
606 551
606 555
606 556
606 563
606 564
606 571
606 572
606 584
606 585
606 586
606 699
606 702
606 713
606 714
606 715
606 731
606 741
606 746
606 749
606 850
606 853
606 854
606 858
606 859
606 870
606 949
606 1018
606 1021
606 1094
606 1095
607 309
607 311
607 312
607 322
607 324
607 334
607 347
607 348
607 351
607 359
607 360
607 368
607 381
607 382
607 420
607 422
607 429
607 437
607 439
607 442
607 445
607 447
607 448
607 470
607 473
607 474
607 478
607 479
607 481
607 488
607 491
607 502
607 503
607 505
607 513
607 514
607 515
607 516
607 522
607 523
607 525
607 547
607 548
607 549
607 550
607 551
607 560
607 563
607 572
607 573
607 574
607 699
607 702
607 715
607 716
607 731
607 741
607 746
607 749
607 850
607 854
607 857
607 859
607 861
607 870
607 884
607 885
607 886
607 887
607 888
607 889
607 890
607 891
607 892
607 893
607 894
607 895
607 896
607 897
607 898
607 899
607 900
607 901
607 902
607 903
607 949
607 1018
607 1021
607 1055
607 1095
608 240
608 248
608 270
608 280
608 281
608 286
608 287
608 288
608 289
608 290
608 292
608 293
608 305
608 309
608 311
608 315
608 316
608 317
608 318
608 319
608 320
608 321
608 322
608 323
608 324
608 330
608 331
608 332
608 333
608 334
608 335
608 348
608 356
608 360
608 361
608 367
608 369
608 370
608 371
608 372
608 373
608 374
608 381
608 420
608 422
608 429
608 434
608 437
608 438
608 443
608 450
608 451
608 474
608 479
608 482
608 488
608 491
608 501
608 502
608 503
608 504
608 505
608 508
608 509
608 516
608 517
608 522
608 523
608 525
608 526
608 548
608 560
608 562
608 563
608 575
608 576
608 582
608 583
608 584
608 585
608 586
608 587
608 588
608 699
608 702
608 715
608 732
608 741
608 746
608 749
608 850
608 854
608 857
608 859
608 860
608 862
608 863
608 864
608 865
608 870
608 902
608 903
608 904
608 905
608 906
608 908
608 909
608 910
608 911
608 912
608 913
608 914
608 915
608 916
608 917
608 918
608 919
608 920
608 921
608 922
608 923
608 924
608 925
608 926
608 927
608 928
608 929
608 930
608 931
608 932
608 933
608 934
608 935
608 936
608 937
608 938
608 939
608 940
608 941
608 942
608 943
608 944
608 945
608 946
608 947
608 948
608 949
608 950
608 951
608 952
608 953
608 954
608 955
608 956
608 957
608 958
608 959
608 960
608 961
608 963
608 964
608 965
608 966
608 967
608 968
608 969
608 970
608 971
608 973
608 974
608 975
608 976
608 977
608 978
608 979
608 980
608 981
608 982
608 983
608 986
608 987
608 989
608 1017
608 1055
608 1088
608 1089
608 1090
608 1091
608 1094
608 1095
609 186
609 199
609 203
609 224
609 227
609 228
609 229
609 230
609 237
609 238
609 240
609 248
609 274
609 275
609 278
609 282
609 294
609 304
609 306
609 311
609 324
609 329
609 330
609 336
609 337
609 338
609 340
609 341
609 342
609 343
609 348
609 354
609 356
609 362
609 363
609 364
609 365
609 366
609 369
609 374
609 381
609 411
609 412
609 413
609 420
609 422
609 430
609 434
609 440
609 441
609 444
609 446
609 448
609 449
609 451
609 452
609 473
609 474
609 480
609 482
609 488
609 491
609 509
609 510
609 515
609 523
609 526
609 527
609 560
609 561
609 562
609 587
609 588
609 589
609 699
609 702
609 715
609 716
609 732
609 742
609 747
609 749
609 851
609 856
609 857
609 860
609 865
609 866
609 867
609 870
609 883
609 884
609 885
609 886
609 887
609 888
609 889
609 890
609 891
609 892
609 894
609 895
609 899
609 900
609 962
609 972
609 984
609 985
609 988
609 990
609 991
609 992
609 993
609 994
609 995
609 996
609 997
609 998
609 999
609 1000
609 1001
609 1002
609 1003
609 1004
609 1005
609 1006
609 1007
609 1008
609 1009
609 1010
609 1011
609 1012
609 1013
609 1014
609 1015
609 1016
609 1018
609 1019
609 1020
609 1021
609 1022
609 1023
609 1024
609 1025
609 1026
609 1027
609 1028
609 1029
609 1030
609 1031
609 1032
609 1033
609 1034
609 1035
609 1036
609 1037
609 1038
609 1039
609 1040
609 1041
609 1042
609 1043
609 1044
609 1045
609 1046
609 1047
609 1048
609 1049
609 1050
609 1051
609 1052
609 1053
609 1054
609 1055
609 1056
609 1057
609 1058
609 1059
609 1060
609 1061
609 1062
609 1063
609 1064
609 1065
609 1066
609 1067
609 1068
609 1069
609 1070
609 1071
609 1072
609 1073
609 1074
609 1075
609 1076
609 1077
609 1078
609 1079
609 1080
609 1081
609 1082
609 1083
609 1084
609 1085
609 1086
609 1087
609 1092
609 1093
610 147
610 186
610 200
610 201
610 203
610 224
610 235
610 236
610 237
610 240
610 249
610 256
610 268
610 269
610 271
610 272
610 273
610 274
610 279
610 280
610 281
610 304
610 306
610 308
610 309
610 310
610 311
610 314
610 316
610 317
610 318
610 325
610 327
610 328
610 339
610 340
610 343
610 344
610 348
610 350
610 351
610 352
610 354
610 355
610 361
610 366
610 368
610 369
610 371
610 374
610 375
610 376
610 377
610 381
610 382
610 411
610 414
610 420
610 422
610 429
610 431
610 433
610 434
610 435
610 436
610 440
610 442
610 444
610 446
610 449
610 452
610 453
610 457
610 469
610 470
610 473
610 480
610 482
610 488
610 491
610 492
610 493
610 496
610 510
610 514
610 523
610 526
610 589
610 699
610 702
610 731
610 742
610 747
610 749
610 851
610 856
610 860
610 867
610 868
610 871
610 893
610 896
610 897
610 898
610 901
610 902
610 903
610 904
610 905
610 906
610 907
610 908
610 909
610 910
610 911
610 912
610 913
610 914
610 915
610 916
610 917
610 918
610 920
610 921
610 922
610 923
610 924
610 925
610 926
610 927
610 928
610 929
610 930
610 931
610 932
610 933
610 934
610 935
610 936
610 937
610 938
610 939
610 940
610 941
610 942
610 943
610 944
610 945
610 946
610 1195
610 1196
610 1197
611 76
611 82
611 102
611 103
611 105
611 106
611 107
611 111
611 112
611 143
611 144
611 145
611 146
611 149
611 203
611 225
611 226
611 228
611 234
611 239
611 240
611 241
611 248
611 249
611 250
611 251
611 253
611 254
611 256
611 257
611 258
611 259
611 267
611 271
611 274
611 277
611 278
611 296
611 297
611 298
611 304
611 306
611 309
611 315
611 324
611 325
611 328
611 343
611 349
611 356
611 357
611 358
611 359
611 367
611 371
611 373
611 377
611 378
611 379
611 382
611 412
611 414
611 420
611 422
611 429
611 431
611 433
611 436
611 441
611 442
611 446
611 447
611 448
611 449
611 453
611 457
611 468
611 469
611 471
611 472
611 480
611 488
611 494
611 497
611 503
611 509
611 510
611 517
611 518
611 519
611 520
611 523
611 524
611 527
611 578
611 591
611 592
611 699
611 702
611 732
611 742
611 746
611 749
611 851
611 856
611 861
611 862
611 868
611 871
611 906
611 919
611 946
611 947
611 982
611 983
611 984
611 985
611 986
611 987
611 988
611 989
611 990
611 991
611 992
611 993
611 994
611 995
611 996
611 997
611 998
611 999
611 1000
611 1001
611 1002
611 1015
611 1016
611 1017
611 1018
611 1019
611 1020
611 1021
611 1022
611 1023
611 1024
611 1025
611 1026
611 1027
611 1028
611 1029
611 1030
611 1031
611 1032
611 1033
611 1034
611 1035
611 1036
611 1037
611 1038
611 1039
611 1040
611 1041
611 1042
611 1043
611 1044
611 1045
611 1046
611 1047
611 1048
611 1049
611 1050
611 1051
611 1052
611 1053
611 1054
611 1055
611 1056
611 1057
611 1058
611 1059
611 1060
611 1061
611 1062
611 1063
611 1064
611 1065
611 1066
611 1067
611 1068
611 1069
611 1070
611 1071
611 1072
611 1073
611 1074
611 1075
611 1076
611 1077
611 1078
611 1079
611 1080
611 1081
611 1082
611 1083
611 1084
611 1085
611 1135
611 1137
611 1194
611 1195
611 1197
612 12
612 53
612 54
612 58
612 59
612 60
612 61
612 82
612 83
612 104
612 105
612 109
612 110
612 111
612 142
612 143
612 148
612 149
612 204
612 226
612 228
612 229
612 235
612 236
612 241
612 251
612 253
612 254
612 256
612 267
612 268
612 269
612 271
612 272
612 273
612 274
612 277
612 278
612 296
612 298
612 299
612 300
612 301
612 302
612 303
612 307
612 309
612 312
612 313
612 314
612 320
612 326
612 327
612 343
612 348
612 360
612 361
612 363
612 367
612 372
612 379
612 382
612 412
612 413
612 414
612 415
612 420
612 422
612 429
612 433
612 436
612 438
612 439
612 445
612 446
612 449
612 450
612 451
612 452
612 454
612 455
612 457
612 469
612 471
612 480
612 488
612 491
612 495
612 497
612 498
612 499
612 500
612 501
612 502
612 503
612 504
612 505
612 506
612 508
612 510
612 514
612 515
612 520
612 524
612 527
612 545
612 546
612 547
612 578
612 590
612 592
612 699
612 702
612 732
612 742
612 747
612 749
612 851
612 855
612 856
612 862
612 868
612 869
612 893
612 895
612 906
612 947
612 988
612 991
612 1084
612 1135
612 1137
612 1198
613 12
613 13
613 14
613 15
613 50
613 51
613 52
613 53
613 57
613 83
613 84
613 85
613 86
613 87
613 89
613 90
613 91
613 103
613 108
613 109
613 136
613 137
613 138
613 139
613 140
613 141
613 147
613 175
613 176
613 177
613 178
613 179
613 180
613 181
613 182
613 183
613 184
613 224
613 225
613 228
613 236
613 237
613 238
613 239
613 241
613 248
613 249
613 251
613 255
613 256
613 283
613 284
613 285
613 286
613 295
613 296
613 302
613 312
613 315
613 316
613 321
613 324
613 327
613 342
613 343
613 348
613 359
613 363
613 364
613 367
613 374
613 382
613 410
613 411
613 412
613 415
613 416
613 417
613 418
613 420
613 422
613 426
613 427
613 429
613 430
613 435
613 440
613 441
613 442
613 445
613 451
613 457
613 471
613 480
613 485
613 487
613 488
613 490
613 492
613 493
613 494
613 495
613 497
613 499
613 507
613 511
613 513
613 514
613 517
613 518
613 520
613 525
613 526
613 527
613 547
613 578
613 586
613 587
613 588
613 589
613 590
613 592
613 699
613 702
613 731
613 742
613 746
613 749
613 851
613 855
613 862
613 869
613 870
613 893
613 895
613 907
613 990
613 1135
613 1137
613 1198
613 1199
614 48
614 49
614 88
614 91
614 92
614 93
614 101
614 102
614 106
614 107
614 108
614 136
614 140
614 147
614 184
614 185
614 199
614 200
614 201
614 202
614 203
614 204
614 205
614 223
614 224
614 227
614 231
614 240
614 250
614 253
614 259
614 260
614 261
614 262
614 263
614 264
614 265
614 266
614 267
614 274
614 275
614 276
614 286
614 294
614 295
614 299
614 300
614 312
614 313
614 317
614 319
614 321
614 322
614 324
614 325
614 326
614 327
614 331
614 332
614 333
614 335
614 336
614 337
614 338
614 339
614 340
614 341
614 348
614 355
614 356
614 358
614 361
614 364
614 366
614 374
614 378
614 380
614 381
614 382
614 406
614 410
614 422
614 425
614 426
614 428
614 430
614 442
614 445
614 446
614 447
614 448
614 449
614 451
614 457
614 458
614 468
614 469
614 485
614 486
614 487
614 490
614 491
614 497
614 501
614 502
614 503
614 507
614 508
614 511
614 514
614 516
614 519
614 545
614 546
614 547
614 578
614 586
614 592
614 593
614 699
614 702
614 731
614 742
614 746
614 749
614 870
614 893
614 894
614 988
614 990
614 1002
614 1133
614 1134
614 1135
614 1136
614 1137
614 1138
614 1199
615 46
615 47
615 48
615 90
615 93
615 94
615 99
615 100
615 106
615 109
615 132
615 133
615 134
615 135
615 140
615 149
615 155
615 156
615 157
615 158
615 159
615 160
615 161
615 162
615 163
615 173
615 174
615 175
615 176
615 177
615 178
615 179
615 180
615 181
615 182
615 183
615 184
615 185
615 223
615 229
615 230
615 232
615 233
615 234
615 247
615 250
615 252
615 253
615 273
615 283
615 284
615 285
615 286
615 294
615 299
615 301
615 314
615 317
615 319
615 321
615 333
615 334
615 344
615 347
615 348
615 352
615 353
615 354
615 356
615 357
615 360
615 362
615 364
615 366
615 374
615 376
615 379
615 380
615 382
615 401
615 406
615 408
615 409
615 422
615 425
615 428
615 430
615 442
615 451
615 452
615 458
615 459
615 460
615 461
615 462
615 467
615 468
615 470
615 471
615 484
615 485
615 487
615 496
615 497
615 499
615 500
615 508
615 513
615 514
615 516
615 519
615 520
615 523
615 524
615 525
615 526
615 532
615 546
615 586
615 587
615 593
615 594
615 700
615 702
615 732
615 742
615 746
615 749
615 855
615 856
615 898
615 917
615 941
615 943
615 988
615 990
615 1000
615 1002
615 1133
616 45
616 78
616 90
616 97
616 98
616 103
616 104
616 105
616 106
616 108
616 109
616 110
616 127
616 128
616 129
616 130
616 131
616 132
616 139
616 140
616 147
616 150
616 151
616 152
616 153
616 154
616 164
616 165
616 167
616 168
616 169
616 170
616 173
616 181
616 184
616 188
616 198
616 199
616 200
616 201
616 202
616 203
616 205
616 223
616 225
616 230
616 235
616 236
616 237
616 247
616 248
616 250
616 251
616 254
616 271
616 272
616 275
616 279
616 280
616 294
616 296
616 297
616 299
616 301
616 313
616 314
616 316
616 317
616 319
616 320
616 321
616 332
616 333
616 343
616 344
616 346
616 347
616 350
616 351
616 352
616 360
616 363
616 364
616 366
616 374
616 375
616 378
616 383
616 401
616 403
616 406
616 408
616 411
616 412
616 418
616 422
616 425
616 428
616 429
616 430
616 432
616 433
616 434
616 442
616 452
616 453
616 454
616 463
616 464
616 465
616 466
616 467
616 471
616 472
616 485
616 488
616 492
616 493
616 496
616 500
616 506
616 508
616 513
616 516
616 519
616 523
616 526
616 527
616 530
616 531
616 532
616 592
616 594
616 595
616 700
616 702
616 732
616 742
616 745
616 747
616 749
616 856
616 875
616 876
616 881
616 898
616 899
616 900
616 901
616 902
616 903
616 904
616 905
616 906
616 907
616 908
616 909
616 910
616 911
616 912
616 913
616 914
616 916
616 917
616 918
616 920
616 921
616 922
616 923
616 924
616 925
616 926
616 927
616 928
616 929
616 930
616 931
616 932
616 933
616 934
616 935
616 936
616 937
616 938
616 939
616 940
616 941
616 942
616 943
616 944
616 945
616 949
616 950
616 951
616 952
616 953
616 954
616 955
616 956
616 957
616 958
616 959
616 960
616 961
616 962
616 963
616 964
616 965
616 966
616 967
616 968
616 969
616 970
616 971
616 972
616 977
616 978
616 979
616 980
616 981
616 982
616 983
616 984
616 985
616 986
616 987
616 988
616 990
616 992
616 993
616 995
616 996
616 997
616 998
616 999
616 1000
616 1001
616 1002
616 1003
616 1004
616 1005
616 1006
616 1007
616 1008
616 1009
616 1010
616 1011
616 1012
616 1013
616 1014
616 1015
616 1016
617 43
617 44
617 78
617 80
617 81
617 82
617 90
617 106
617 108
617 110
617 111
617 139
617 140
617 141
617 147
617 148
617 154
617 156
617 161
617 162
617 166
617 170
617 173
617 181
617 184
617 188
617 189
617 190
617 192
617 193
617 194
617 196
617 197
617 204
617 205
617 207
617 223
617 225
617 226
617 230
617 231
617 232
617 233
617 234
617 246
617 247
617 252
617 254
617 270
617 273
617 274
617 280
617 294
617 295
617 296
617 301
617 313
617 324
617 343
617 346
617 358
617 363
617 366
617 367
617 368
617 369
617 376
617 378
617 380
617 381
617 382
617 383
617 401
617 402
617 405
617 410
617 412
617 415
617 416
617 418
617 422
617 423
617 425
617 431
617 454
617 472
617 480
617 484
617 486
617 488
617 493
617 495
617 498
617 500
617 506
617 509
617 513
617 515
617 519
617 522
617 525
617 527
617 529
617 591
617 592
617 595
617 700
617 702
617 732
617 742
617 745
617 746
617 749
617 857
617 876
617 881
617 913
617 915
617 916
617 919
617 939
617 946
617 947
617 949
617 973
617 974
617 975
617 976
617 990
617 991
617 994
617 1000
617 1017
617 1018
617 1019
617 1093
617 1094
617 1095
618 41
618 42
618 43
618 79
618 80
618 82
618 106
618 138
618 141
618 145
618 148
618 151
618 152
618 153
618 154
618 155
618 157
618 158
618 159
618 160
618 162
618 163
618 164
618 165
618 166
618 170
618 171
618 173
618 183
618 184
618 188
618 190
618 195
618 196
618 198
618 204
618 207
618 223
618 226
618 227
618 247
618 251
618 274
618 280
618 294
618 296
618 301
618 311
618 313
618 317
618 318
618 322
618 324
618 336
618 337
618 340
618 341
618 342
618 343
618 344
618 345
618 346
618 351
618 357
618 363
618 365
618 370
618 374
618 375
618 376
618 377
618 379
618 383
618 405
618 410
618 412
618 415
618 422
618 425
618 426
618 428
618 429
618 431
618 432
618 435
618 472
618 480
618 484
618 493
618 496
618 497
618 498
618 500
618 506
618 507
618 508
618 512
618 513
618 516
618 517
618 520
618 522
618 527
618 529
618 533
618 591
618 594
618 596
618 597
618 700
618 702
618 732
618 742
618 745
618 749
618 849
618 850
618 857
618 858
618 876
618 881
618 919
618 947
618 949
618 991
618 1019
618 1095
619 38
619 39
619 40
619 41
619 77
619 79
619 82
619 89
619 90
619 91
619 92
619 93
619 94
619 107
619 122
619 126
619 127
619 128
619 129
619 130
619 131
619 138
619 141
619 145
619 146
619 147
619 148
619 150
619 171
619 183
619 188
619 190
619 199
619 205
619 206
619 207
619 223
619 224
619 226
619 228
619 247
619 248
619 251
619 256
619 257
619 260
619 274
619 280
619 294
619 296
619 301
619 311
619 312
619 318
619 319
619 320
619 323
619 325
619 326
619 327
619 328
619 337
619 338
619 339
619 340
619 345
619 351
619 353
619 355
619 356
619 357
619 362
619 363
619 364
619 365
619 373
619 374
619 379
619 383
619 390
619 400
619 401
619 402
619 405
619 409
619 410
619 412
619 415
619 416
619 417
619 418
619 422
619 423
619 427
619 429
619 433
619 434
619 435
619 442
619 443
619 444
619 472
619 476
619 481
619 482
619 483
619 484
619 492
619 493
619 495
619 498
619 499
619 500
619 505
619 507
619 508
619 513
619 517
619 518
619 519
619 522
619 527
619 529
619 533
619 590
619 700
619 702
619 710
619 732
619 742
619 745
619 749
619 823
619 824
619 831
619 832
619 850
619 851
619 852
619 853
619 858
619 859
619 862
619 863
619 876
619 881
619 919
619 946
619 947
619 949
619 991
619 993
619 1019
619 1095
620 36
620 37
620 74
620 75
620 76
620 78
620 79
620 80
620 81
620 95
620 108
620 122
620 123
620 124
620 125
620 128
620 129
620 131
620 134
620 141
620 142
620 144
620 145
620 171
620 175
620 176
620 179
620 187
620 190
620 196
620 197
620 205
620 207
620 224
620 225
620 226
620 227
620 248
620 252
620 257
620 260
620 269
620 270
620 271
620 272
620 274
620 276
620 277
620 278
620 279
620 294
620 295
620 296
620 299
620 300
620 301
620 302
620 303
620 307
620 308
620 320
620 323
620 329
620 330
620 331
620 339
620 343
620 352
620 353
620 357
620 362
620 365
620 372
620 373
620 376
620 380
620 381
620 382
620 390
620 392
620 395
620 396
620 397
620 398
620 399
620 403
620 404
620 407
620 408
620 409
620 412
620 416
620 419
620 420
620 421
620 422
620 424
620 425
620 426
620 428
620 429
620 430
620 431
620 442
620 444
620 472
620 476
620 477
620 478
620 480
620 481
620 494
620 505
620 509
620 513
620 514
620 518
620 521
620 523
620 527
620 528
620 533
620 680
620 681
620 682
620 700
620 702
620 703
620 704
620 705
620 706
620 707
620 708
620 710
620 732
620 742
620 745
620 749
620 755
620 806
620 807
620 808
620 809
620 810
620 811
620 813
620 818
620 819
620 820
620 821
620 822
620 823
620 833
620 864
620 865
620 866
620 867
620 868
620 869
620 870
620 875
620 881
620 946
620 949
620 991
620 992
620 993
620 1018
620 1021
620 1022
620 1095
620 1108
620 1110
620 1114
620 1115
621 34
621 35
621 78
621 95
621 96
621 108
621 109
621 110
621 111
621 112
621 113
621 114
621 127
621 128
621 129
621 130
621 131
621 133
621 135
621 142
621 144
621 169
621 170
621 171
621 174
621 175
621 179
621 187
621 190
621 192
621 196
621 198
621 205
621 207
621 228
621 249
621 252
621 258
621 261
621 272
621 274
621 280
621 304
621 305
621 306
621 307
621 308
621 309
621 310
621 311
621 312
621 313
621 314
621 315
621 316
621 317
621 318
621 319
621 324
621 325
621 326
621 327
621 328
621 331
621 341
621 344
621 345
621 352
621 362
621 363
621 364
621 365
621 375
621 377
621 380
621 382
621 383
621 390
621 392
621 393
621 394
621 402
621 405
621 407
621 409
621 410
621 411
621 412
621 415
621 420
621 427
621 428
621 442
621 444
621 470
621 471
621 479
621 488
621 492
621 496
621 502
621 506
621 507
621 509
621 514
621 515
621 521
621 525
621 526
621 528
621 533
621 534
621 535
621 578
621 629
621 630
621 631
621 680
621 682
621 700
621 702
621 709
621 713
621 714
621 715
621 716
621 717
621 718
621 719
621 720
621 721
621 724
621 725
621 726
621 727
621 728
621 729
621 732
621 742
621 743
621 746
621 749
621 755
621 805
621 806
621 810
621 812
621 814
621 815
621 816
621 817
621 818
621 833
621 834
621 871
621 872
621 873
621 875
621 878
621 879
621 880
621 881
621 882
621 883
621 884
621 885
621 886
621 887
621 888
621 889
621 890
621 891
621 892
621 893
621 894
621 895
621 896
621 897
621 898
621 899
621 900
621 901
621 902
621 903
621 904
621 905
621 906
621 907
621 908
621 909
621 910
621 911
621 912
621 913
621 914
621 915
621 916
621 917
621 918
621 919
621 920
621 921
621 922
621 923
621 924
621 925
621 926
621 927
621 1021
621 1095
621 1108
621 1110
621 1113
621 1114
621 1116
621 1117
621 1118
621 1119
621 1120
621 1121
622 31
622 32
622 33
622 78
622 80
622 96
622 114
622 127
622 133
622 135
622 142
622 144
622 175
622 179
622 182
622 187
622 190
622 192
622 195
622 198
622 205
622 206
622 207
622 228
622 229
622 230
622 231
622 250
622 252
622 258
622 259
622 261
622 280
622 282
622 283
622 284
622 285
622 286
622 315
622 328
622 330
622 331
622 335
622 339
622 340
622 341
622 342
622 345
622 352
622 355
622 356
622 357
622 364
622 368
622 377
622 378
622 379
622 383
622 384
622 390
622 402
622 406
622 409
622 413
622 415
622 416
622 422
622 425
622 426
622 430
622 442
622 443
622 471
622 475
622 488
622 490
622 491
622 497
622 499
622 500
622 501
622 502
622 503
622 504
622 506
622 507
622 508
622 515
622 521
622 529
622 534
622 547
622 577
622 587
622 588
622 595
622 602
622 628
622 629
622 632
622 633
622 634
622 635
622 636
622 637
622 680
622 682
622 700
622 702
622 704
622 705
622 706
622 709
622 713
622 729
622 730
622 732
622 743
622 746
622 749
622 755
622 805
622 810
622 812
622 816
622 835
622 836
622 874
622 875
622 928
622 929
622 930
622 931
622 932
622 933
622 934
622 935
622 936
622 937
622 938
622 939
622 940
622 941
622 942
622 943
622 944
622 945
622 946
622 947
622 948
622 949
622 950
622 951
622 952
622 953
622 954
622 955
622 956
622 957
622 958
622 959
622 960
622 961
622 962
622 963
622 964
622 965
622 966
622 967
622 968
622 969
622 970
622 971
622 972
622 984
622 987
622 988
622 990
622 991
622 992
622 1018
622 1019
622 1021
622 1095
622 1107
622 1108
622 1110
622 1112
622 1122
622 1123
623 30
623 31
623 39
623 40
623 41
623 78
623 80
623 96
623 114
623 115
623 133
623 135
623 136
623 142
623 144
623 176
623 180
623 182
623 183
623 187
623 190
623 192
623 196
623 198
623 199
623 205
623 207
623 208
623 259
623 261
623 280
623 282
623 315
623 328
623 333
623 334
623 339
623 343
623 345
623 346
623 353
623 355
623 357
623 367
623 369
623 377
623 379
623 384
623 390
623 394
623 399
623 402
623 403
623 404
623 405
623 408
623 413
623 414
623 415
623 417
623 420
623 423
623 424
623 428
623 429
623 431
623 432
623 459
623 471
623 475
623 476
623 487
623 488
623 490
623 493
623 494
623 495
623 497
623 502
623 505
623 515
623 521
623 529
623 534
623 545
623 546
623 547
623 574
623 575
623 576
623 588
623 596
623 600
623 601
623 602
623 603
623 625
623 628
623 634
623 635
623 638
623 639
623 679
623 683
623 700
623 702
623 707
623 709
623 712
623 713
623 719
623 720
623 721
623 730
623 732
623 743
623 744
623 747
623 749
623 754
623 755
623 805
623 806
623 807
623 808
623 810
623 812
623 813
623 837
623 838
623 870
623 878
623 879
623 880
623 881
623 882
623 883
623 884
623 885
623 886
623 887
623 888
623 889
623 890
623 891
623 892
623 893
623 894
623 895
623 896
623 897
623 898
623 899
623 900
623 901
623 902
623 903
623 904
623 905
623 906
623 907
623 908
623 909
623 910
623 911
623 912
623 913
623 914
623 915
623 916
623 917
623 918
623 919
623 920
623 973
623 974
623 975
623 976
623 977
623 978
623 979
623 980
623 981
623 982
623 983
623 985
623 986
623 989
623 993
623 994
623 995
623 996
623 997
623 998
623 999
623 1000
623 1001
623 1002
623 1003
623 1004
623 1005
623 1006
623 1007
623 1008
623 1009
623 1010
623 1011
623 1012
623 1013
623 1014
623 1015
623 1016
623 1017
623 1022
623 1023
623 1024
623 1025
623 1026
623 1027
623 1028
623 1029
623 1030
623 1095
623 1108
623 1110
623 1112
624 28
624 29
624 30
624 37
624 38
624 39
624 41
624 42
624 78
624 88
624 96
624 99
624 114
624 133
624 136
624 137
624 141
624 142
624 144
624 180
624 183
624 187
624 190
624 192
624 196
624 204
624 208
624 209
624 242
624 243
624 260
624 261
624 280
624 282
624 314
624 315
624 317
624 318
624 328
624 330
624 332
624 341
624 342
624 343
624 346
624 347
624 352
624 353
624 354
624 356
624 357
624 367
624 368
624 369
624 379
624 380
624 384
624 390
624 394
624 395
624 397
624 399
624 403
624 405
624 415
624 417
624 418
624 419
624 425
624 427
624 432
624 450
624 457
624 459
624 471
624 472
624 475
624 487
624 490
624 495
624 497
624 505
624 506
624 515
624 516
624 521
624 523
624 524
624 529
624 530
624 531
624 532
624 534
624 544
624 545
624 547
624 548
624 586
624 587
624 588
624 589
624 595
624 599
624 600
624 602
624 625
624 628
624 632
624 634
624 639
624 678
624 683
624 687
624 693
624 700
624 702
624 706
624 710
624 718
624 719
624 727
624 730
624 732
624 733
624 744
624 747
624 749
624 755
624 813
624 837
624 867
624 868
624 870
624 880
624 882
624 922
624 923
624 924
624 925
624 926
624 927
624 928
624 929
624 930
624 931
624 932
624 933
624 934
624 935
624 936
624 937
624 938
624 939
624 940
624 941
624 942
624 943
624 944
624 945
624 946
624 949
624 951
624 953
624 954
624 1019
624 1020
624 1031
624 1032
624 1033
624 1034
624 1035
624 1036
624 1037
624 1038
624 1039
624 1040
624 1041
624 1042
624 1043
624 1044
624 1045
624 1046
624 1047
624 1048
624 1049
624 1050
624 1051
624 1052
624 1053
624 1054
624 1055
624 1056
624 1057
624 1058
624 1059
624 1060
624 1061
624 1062
624 1063
624 1064
624 1065
624 1066
624 1067
624 1068
624 1069
624 1070
624 1071
624 1072
624 1073
624 1074
624 1075
624 1076
624 1077
624 1078
624 1079
624 1080
624 1081
624 1082
624 1083
624 1084
624 1085
624 1086
624 1087
624 1088
624 1094
624 1095
624 1107
624 1108
624 1110
624 1113
624 1114
624 1119
624 1120
624 1121
624 1124
624 1125
625 26
625 27
625 28
625 31
625 32
625 33
625 34
625 42
625 43
625 85
625 86
625 89
625 90
625 91
625 92
625 95
625 99
625 114
625 115
625 132
625 133
625 137
625 138
625 139
625 140
625 141
625 144
625 180
625 182
625 185
625 186
625 188
625 189
625 190
625 192
625 197
625 198
625 204
625 210
625 241
625 258
625 259
625 280
625 282
625 314
625 317
625 328
625 329
625 330
625 332
625 333
625 339
625 340
625 343
625 345
625 347
625 348
625 371
625 376
625 377
625 379
625 385
625 390
625 391
625 392
625 393
625 394
625 397
625 398
625 399
625 402
625 405
625 415
625 425
625 427
625 431
625 433
625 434
625 436
625 450
625 458
625 459
625 468
625 469
625 470
625 471
625 475
625 487
625 490
625 491
625 495
625 497
625 506
625 507
625 515
625 517
625 524
625 530
625 534
625 544
625 570
625 588
625 595
625 596
625 597
625 598
625 599
625 602
625 603
625 624
625 626
625 628
625 632
625 633
625 634
625 639
625 678
625 679
625 683
625 686
625 687
625 691
625 692
625 693
625 699
625 702
625 704
625 705
625 717
625 718
625 726
625 727
625 728
625 729
625 730
625 732
625 746
625 747
625 749
625 751
625 752
625 753
625 754
625 755
625 837
625 841
625 842
625 843
625 844
625 845
625 868
625 869
625 870
625 880
625 882
625 941
625 946
625 947
625 948
625 949
625 950
625 952
625 955
625 956
625 957
625 958
625 959
625 960
625 961
625 962
625 963
625 964
625 965
625 966
625 967
625 968
625 969
625 970
625 971
625 972
625 973
625 974
625 975
625 976
625 977
625 978
625 979
625 980
625 981
625 982
625 983
625 984
625 985
625 986
625 987
625 988
625 989
625 990
625 991
625 992
625 993
625 994
625 995
625 996
625 997
625 998
625 999
625 1000
625 1001
625 1002
625 1003
625 1004
625 1005
625 1006
625 1007
625 1008
625 1009
625 1010
625 1011
625 1013
625 1014
625 1019
625 1089
625 1090
625 1091
625 1092
625 1093
625 1108
625 1110
625 1115
625 1116
625 1117
625 1119
625 1121
625 1122
625 1123
625 1124
625 1135
625 1136
625 1137
625 1138
626 23
626 24
626 25
626 30
626 34
626 35
626 36
626 38
626 39
626 42
626 77
626 78
626 86
626 87
626 93
626 94
626 96
626 97
626 98
626 99
626 100
626 115
626 116
626 117
626 118
626 130
626 131
626 132
626 135
626 136
626 140
626 143
626 151
626 181
626 182
626 186
626 189
626 192
626 198
626 199
626 201
626 202
626 203
626 204
626 208
626 210
626 215
626 216
626 217
626 218
626 234
626 235
626 236
626 237
626 238
626 239
626 240
626 258
626 280
626 282
626 310
626 316
626 317
626 327
626 333
626 343
626 344
626 348
626 349
626 357
626 358
626 360
626 371
626 373
626 376
626 379
626 380
626 381
626 385
626 386
626 387
626 388
626 391
626 394
626 396
626 398
626 400
626 401
626 404
626 405
626 414
626 418
626 419
626 420
626 424
626 427
626 430
626 436
626 437
626 438
626 451
626 475
626 488
626 491
626 494
626 497
626 515
626 517
626 523
626 524
626 528
626 529
626 534
626 535
626 544
626 546
626 547
626 570
626 598
626 601
626 602
626 623
626 624
626 626
626 628
626 629
626 630
626 655
626 679
626 680
626 683
626 685
626 687
626 691
626 698
626 699
626 702
626 706
626 707
626 708
626 709
626 710
626 711
626 712
626 713
626 714
626 715
626 716
626 717
626 723
626 724
626 725
626 732
626 746
626 747
626 749
626 751
626 754
626 837
626 838
626 846
626 847
626 880
626 941
626 946
626 949
626 1012
626 1015
626 1016
626 1017
626 1018
626 1019
626 1020
626 1021
626 1022
626 1024
626 1025
626 1026
626 1027
626 1028
626 1029
626 1030
626 1031
626 1032
626 1033
626 1034
626 1035
626 1036
626 1037
626 1038
626 1039
626 1040
626 1041
626 1042
626 1043
626 1044
626 1045
626 1046
626 1047
626 1048
626 1049
626 1050
626 1051
626 1052
626 1053
626 1054
626 1055
626 1056
626 1057
626 1058
626 1059
626 1060
626 1061
626 1062
626 1063
626 1064
626 1065
626 1066
626 1067
626 1068
626 1069
626 1070
626 1071
626 1072
626 1073
626 1074
626 1075
626 1076
626 1077
626 1078
626 1079
626 1080
626 1081
626 1082
626 1083
626 1118
626 1125
626 1136
626 1138
626 1139
627 21
627 22
627 26
627 27
627 28
627 29
627 36
627 37
627 56
627 57
627 58
627 59
627 60
627 61
627 62
627 78
627 86
627 88
627 90
627 91
627 118
627 119
627 128
627 129
627 130
627 134
627 135
627 137
627 140
627 141
627 144
627 152
627 153
627 180
627 181
627 185
627 188
627 192
627 193
627 194
627 195
627 196
627 197
627 199
627 204
627 205
627 207
627 209
627 210
627 219
627 220
627 235
627 238
627 240
627 258
627 280
627 282
627 283
627 310
627 314
627 317
627 332
627 341
627 355
627 360
627 366
627 369
627 370
627 371
627 373
627 375
627 378
627 379
627 383
627 385
627 389
627 393
627 394
627 396
627 398
627 399
627 404
627 415
627 420
627 421
627 422
627 423
627 424
627 427
627 435
627 436
627 438
627 451
627 475
627 476
627 479
627 488
627 491
627 494
627 495
627 497
627 515
627 522
627 531
627 534
627 543
627 547
627 563
627 564
627 565
627 566
627 570
627 600
627 601
627 624
627 627
627 628
627 630
627 639
627 655
627 658
627 659
627 660
627 661
627 680
627 683
627 691
627 697
627 698
627 702
627 704
627 705
627 706
627 715
627 732
627 733
627 735
627 736
627 737
627 738
627 739
627 740
627 741
627 746
627 749
627 880
627 881
627 944
627 946
627 949
627 1019
627 1021
627 1085
627 1086
627 1087
627 1088
627 1089
627 1090
627 1091
627 1092
627 1093
627 1094
627 1095
627 1121
627 1136
628 19
628 20
628 24
628 25
628 26
628 46
628 48
628 52
628 53
628 54
628 55
628 61
628 74
628 75
628 76
628 77
628 79
628 80
628 85
628 89
628 109
628 114
628 115
628 120
628 121
628 122
628 123
628 124
628 125
628 127
628 128
628 133
628 135
628 139
628 141
628 142
628 150
628 151
628 152
628 180
628 186
628 205
628 206
628 218
628 220
628 238
628 239
628 240
628 258
628 260
628 280
628 284
628 289
628 290
628 310
628 314
628 316
628 332
628 340
628 348
628 349
628 350
628 351
628 353
628 354
628 360
628 367
628 368
628 371
628 372
628 373
628 375
628 376
628 378
628 383
628 389
628 393
628 396
628 398
628 401
628 404
628 413
628 414
628 427
628 428
628 434
628 435
628 438
628 451
628 470
628 471
628 472
628 475
628 476
628 477
628 479
628 488
628 489
628 492
628 498
628 506
628 516
628 531
628 534
628 535
628 543
628 547
628 548
628 565
628 569
628 570
628 600
628 603
628 625
628 627
628 630
628 637
628 639
628 648
628 651
628 655
628 656
628 657
628 658
628 662
628 663
628 664
628 665
628 666
628 667
628 668
628 669
628 670
628 671
628 673
628 674
628 675
628 676
628 677
628 678
628 679
628 680
628 683
628 684
628 685
628 686
628 687
628 688
628 689
628 690
628 696
628 697
628 702
628 706
628 715
628 733
628 739
628 746
628 749
628 942
628 943
628 944
628 946
628 947
628 949
628 950
628 1018
628 1019
628 1021
628 1087
628 1095
628 1107
628 1116
628 1117
628 1118
628 1122
628 1136
629 17
629 18
629 23
629 24
629 45
629 48
629 50
629 51
629 56
629 57
629 58
629 59
629 61
629 72
629 73
629 80
629 84
629 89
629 109
629 115
629 126
629 127
629 130
629 131
629 132
629 133
629 135
629 139
629 141
629 144
629 149
629 152
629 178
629 180
629 206
629 220
629 241
629 260
629 261
629 262
629 288
629 291
629 310
629 314
629 316
629 332
629 338
629 339
629 346
629 349
629 351
629 353
629 360
629 367
629 371
629 377
629 378
629 379
629 384
629 389
629 392
629 395
629 396
629 398
629 402
629 404
629 416
629 426
629 428
629 433
629 434
629 438
629 463
629 469
629 472
629 475
629 479
629 489
629 499
629 503
629 506
629 517
629 531
629 536
629 537
629 538
629 543
629 548
629 549
629 569
629 600
629 603
629 605
629 626
629 628
629 630
629 637
629 639
629 640
629 644
629 645
629 646
629 647
629 648
629 651
629 671
629 680
629 685
629 696
629 702
629 706
629 707
629 708
629 709
629 715
629 746
629 942
629 947
629 949
629 951
629 1019
629 1021
629 1087
629 1095
629 1106
629 1116
629 1118
629 1121
629 1122
629 1136
629 1139
629 1140
630 15
630 16
630 17
630 20
630 21
630 22
630 23
630 41
630 45
630 48
630 59
630 61
630 64
630 66
630 67
630 72
630 80
630 84
630 89
630 94
630 109
630 115
630 127
630 128
630 136
630 139
630 141
630 143
630 145
630 148
630 149
630 178
630 180
630 206
630 240
630 262
630 289
630 291
630 292
630 308
630 310
630 314
630 316
630 332
630 335
630 336
630 337
630 338
630 344
630 345
630 349
630 351
630 354
630 360
630 365
630 371
630 375
630 376
630 379
630 380
630 384
630 389
630 392
630 394
630 397
630 401
630 408
630 409
630 410
630 411
630 412
630 413
630 414
630 417
630 428
630 439
630 463
630 464
630 469
630 470
630 471
630 472
630 475
630 476
630 479
630 499
630 500
630 503
630 506
630 508
630 509
630 523
630 529
630 531
630 538
630 543
630 544
630 549
630 569
630 572
630 600
630 602
630 603
630 604
630 605
630 617
630 625
630 628
630 630
630 637
630 641
630 643
630 644
630 649
630 651
630 671
630 685
630 692
630 693
630 694
630 696
630 702
630 709
630 712
630 713
630 714
630 731
630 732
630 733
630 736
630 947
630 1021
630 1094
630 1095
630 1106
630 1107
630 1108
630 1109
630 1110
630 1116
630 1118
630 1119
630 1121
630 1136
630 1138
630 1139
631 0
631 1
631 8
631 9
631 10
631 11
631 12
631 13
631 14
631 17
631 19
631 20
631 41
631 42
631 43
631 44
631 45
631 47
631 48
631 56
631 57
631 58
631 59
631 61
631 62
631 64
631 66
631 67
631 71
631 72
631 73
631 80
631 84
631 88
631 89
631 94
631 95
631 96
631 108
631 109
631 112
631 113
631 115
631 116
631 117
631 118
631 119
631 120
631 121
631 122
631 123
631 124
631 126
631 129
631 136
631 141
631 143
631 145
631 146
631 148
631 178
631 180
631 196
631 240
631 291
631 308
631 309
631 310
631 311
631 313
631 314
631 316
631 331
631 332
631 335
631 343
631 349
631 354
631 355
631 356
631 358
631 360
631 362
631 363
631 364
631 365
631 367
631 368
631 369
631 371
631 376
631 380
631 381
631 383
631 384
631 392
631 394
631 395
631 397
631 402
631 403
631 404
631 406
631 408
631 414
631 415
631 416
631 417
631 428
631 463
631 464
631 472
631 475
631 479
631 500
631 501
631 502
631 503
631 507
631 523
631 524
631 525
631 526
631 530
631 531
631 532
631 533
631 534
631 539
631 540
631 541
631 542
631 543
631 545
631 546
631 548
631 549
631 569
631 571
631 572
631 583
631 600
631 601
631 605
631 606
631 609
631 611
631 617
631 628
631 630
631 637
631 641
631 643
631 647
631 649
631 650
631 671
631 684
631 695
631 696
631 709
631 711
631 731
631 733
631 734
631 735
631 736
631 947
631 1107
631 1116
631 1119
631 1120
631 1121
631 1136
631 1137
632 7
632 8
632 16
632 17
632 18
632 19
632 45
632 47
632 50
632 52
632 62
632 63
632 64
632 68
632 69
632 70
632 71
632 76
632 77
632 81
632 82
632 83
632 88
632 96
632 108
632 115
632 125
632 126
632 129
632 136
632 141
632 143
632 145
632 148
632 149
632 178
632 180
632 196
632 240
632 254
632 255
632 263
632 280
632 281
632 289
632 290
632 291
632 308
632 310
632 313
632 316
632 329
632 330
632 331
632 333
632 334
632 343
632 359
632 360
632 362
632 364
632 367
632 369
632 371
632 374
632 375
632 377
632 381
632 386
632 392
632 396
632 400
632 401
632 402
632 404
632 405
632 406
632 408
632 411
632 412
632 414
632 417
632 427
632 428
632 429
632 463
632 469
632 472
632 473
632 475
632 479
632 506
632 509
632 524
632 526
632 527
632 528
632 534
632 540
632 548
632 569
632 570
632 571
632 584
632 585
632 586
632 587
632 588
632 606
632 607
632 608
632 610
632 611
632 612
632 617
632 619
632 628
632 630
632 636
632 641
632 644
632 645
632 646
632 647
632 648
632 649
632 671
632 684
632 709
632 731
632 733
632 947
632 1091
632 1098
632 1105
632 1107
632 1110
632 1117
632 1120
632 1136
633 12
633 28
633 29
633 30
633 36
633 45
633 46
633 47
633 50
633 52
633 58
633 60
633 65
633 73
633 75
633 80
633 96
633 97
633 108
633 110
633 115
633 123
633 124
633 125
633 129
633 132
633 135
633 137
633 138
633 141
633 142
633 143
633 144
633 150
633 151
633 177
633 196
633 216
633 234
633 235
633 240
633 262
633 264
633 281
633 307
633 311
633 312
633 313
633 316
633 334
633 343
633 353
633 354
633 356
633 357
633 359
633 362
633 364
633 365
633 367
633 369
633 374
633 378
633 381
633 384
633 386
633 394
633 396
633 397
633 400
633 408
633 410
633 411
633 414
633 417
633 425
633 426
633 427
633 429
633 442
633 443
633 444
633 445
633 451
633 463
633 469
633 475
633 479
633 506
633 509
633 528
633 529
633 530
633 532
633 533
633 535
633 536
633 537
633 543
633 544
633 547
633 569
633 571
633 588
633 602
633 604
633 612
633 613
633 618
633 620
633 621
633 622
633 623
633 624
633 627
633 628
633 631
633 636
633 641
633 645
633 647
633 649
633 671
633 684
633 731
633 732
633 1091
633 1092
633 1098
633 1105
633 1108
633 1109
633 1110
633 1117
633 1120
634 10
634 11
634 12
634 28
634 31
634 32
634 33
634 34
634 35
634 36
634 37
634 38
634 39
634 40
634 44
634 51
634 56
634 59
634 65
634 71
634 72
634 74
634 77
634 79
634 80
634 97
634 108
634 110
634 115
634 124
634 129
634 131
634 135
634 136
634 138
634 139
634 140
634 141
634 151
634 152
634 153
634 154
634 177
634 196
634 209
634 210
634 211
634 216
634 217
634 218
634 219
634 234
634 254
634 255
634 256
634 262
634 264
634 279
634 280
634 284
634 285
634 308
634 311
634 316
634 317
634 330
634 331
634 334
634 355
634 356
634 358
634 359
634 362
634 365
634 367
634 369
634 373
634 376
634 377
634 379
634 380
634 382
634 384
634 386
634 394
634 397
634 399
634 408
634 409
634 410
634 417
634 424
634 427
634 442
634 451
634 452
634 455
634 456
634 463
634 469
634 470
634 471
634 472
634 475
634 477
634 478
634 480
634 496
634 505
634 506
634 508
634 528
634 529
634 535
634 543
634 544
634 547
634 569
634 574
634 575
634 589
634 603
634 604
634 613
634 618
634 624
634 625
634 628
634 631
634 636
634 637
634 638
634 639
634 641
634 642
634 643
634 644
634 645
634 647
634 649
634 671
634 681
634 684
634 735
634 736
634 737
634 865
634 1090
634 1092
634 1093
634 1094
634 1095
634 1096
634 1097
634 1098
634 1099
634 1100
634 1101
634 1102
634 1103
634 1104
634 1120
634 1123
635 8
635 9
635 10
635 18
635 28
635 31
635 35
635 41
635 44
635 57
635 63
635 70
635 74
635 77
635 78
635 79
635 97
635 108
635 111
635 114
635 124
635 128
635 129
635 131
635 134
635 138
635 140
635 154
635 155
635 177
635 183
635 184
635 195
635 196
635 209
635 211
635 219
635 220
635 234
635 235
635 236
635 240
635 242
635 243
635 245
635 246
635 247
635 262
635 264
635 283
635 285
635 308
635 315
635 317
635 330
635 334
635 355
635 358
635 360
635 367
635 369
635 373
635 375
635 376
635 382
635 383
635 386
635 387
635 394
635 398
635 411
635 413
635 420
635 423
635 424
635 425
635 427
635 441
635 442
635 452
635 455
635 457
635 463
635 472
635 475
635 478
635 480
635 496
635 506
635 507
635 521
635 528
635 534
635 535
635 536
635 537
635 543
635 544
635 546
635 568
635 570
635 571
635 575
635 589
635 601
635 602
635 603
635 624
635 625
635 628
635 631
635 639
635 641
635 647
635 650
635 671
635 681
635 682
635 684
635 738
635 865
635 866
635 867
635 868
635 937
635 939
635 1093
635 1100
635 1102
635 1104
635 1117
635 1118
635 1120
635 1123
636 6
636 7
636 8
636 18
636 28
636 31
636 36
636 41
636 44
636 58
636 59
636 64
636 66
636 75
636 78
636 97
636 109
636 111
636 114
636 124
636 127
636 131
636 133
636 134
636 138
636 139
636 142
636 155
636 177
636 181
636 182
636 190
636 191
636 192
636 195
636 208
636 209
636 210
636 211
636 221
636 241
636 244
636 245
636 247
636 248
636 262
636 264
636 266
636 283
636 285
636 286
636 314
636 315
636 317
636 318
636 321
636 323
636 329
636 330
636 334
636 355
636 357
636 358
636 361
636 373
636 375
636 387
636 389
636 391
636 392
636 393
636 394
636 411
636 413
636 417
636 418
636 419
636 420
636 421
636 422
636 427
636 441
636 452
636 454
636 455
636 457
636 463
636 472
636 475
636 478
636 480
636 496
636 506
636 522
636 534
636 541
636 544
636 546
636 568
636 570
636 571
636 575
636 590
636 602
636 621
636 622
636 623
636 624
636 626
636 628
636 631
636 637
636 639
636 641
636 651
636 652
636 671
636 682
636 684
636 739
636 937
636 938
636 939
636 1100
636 1117
636 1120
636 1123
637 6
637 11
637 18
637 28
637 31
637 35
637 42
637 60
637 63
637 66
637 74
637 78
637 79
637 96
637 97
637 109
637 111
637 112
637 115
637 116
637 117
637 118
637 119
637 123
637 124
637 126
637 128
637 129
637 130
637 132
637 140
637 141
637 155
637 167
637 168
637 169
637 170
637 171
637 181
637 186
637 187
637 188
637 189
637 190
637 193
637 195
637 196
637 205
637 206
637 207
637 209
637 221
637 222
637 224
637 227
637 241
637 242
637 243
637 244
637 262
637 264
637 266
637 286
637 296
637 297
637 298
637 299
637 300
637 302
637 303
637 309
637 310
637 311
637 313
637 314
637 318
637 319
637 321
637 322
637 324
637 325
637 326
637 327
637 328
637 329
637 334
637 355
637 360
637 372
637 373
637 374
637 375
637 387
637 388
637 389
637 390
637 393
637 411
637 413
637 414
637 418
637 441
637 451
637 452
637 454
637 457
637 461
637 462
637 463
637 469
637 470
637 472
637 475
637 477
637 480
637 496
637 499
637 506
637 523
637 524
637 534
637 542
637 544
637 546
637 565
637 566
637 567
637 568
637 571
637 572
637 573
637 575
637 590
637 602
637 623
637 628
637 631
637 636
637 637
637 638
637 639
637 641
637 642
637 645
637 646
637 647
637 648
637 652
637 681
637 682
637 684
637 685
637 937
637 939
637 1100
637 1118
637 1123
638 6
638 11
638 19
638 23
638 24
638 25
638 28
638 31
638 35
638 42
638 61
638 62
638 63
638 65
638 74
638 79
638 80
638 95
638 98
638 99
638 109
638 110
638 113
638 120
638 121
638 122
638 123
638 126
638 135
638 137
638 141
638 155
638 167
638 181
638 182
638 190
638 191
638 192
638 196
638 209
638 223
638 224
638 225
638 226
638 227
638 243
638 262
638 264
638 266
638 276
638 277
638 283
638 284
638 287
638 288
638 289
638 290
638 291
638 292
638 293
638 294
638 295
638 301
638 304
638 305
638 306
638 307
638 308
638 312
638 320
638 323
638 325
638 327
638 394
638 411
638 412
638 414
638 436
638 452
638 453
638 454
638 457
638 458
638 459
638 460
638 463
638 464
638 465
638 466
638 467
638 468
638 469
638 473
638 475
638 478
638 480
638 496
638 497
638 498
638 499
638 525
638 526
638 527
638 528
638 529
638 530
638 531
638 534
638 547
638 550
638 551
638 555
638 556
638 565
638 574
638 575
638 589
638 591
638 623
638 624
638 625
638 627
638 631
638 632
638 636
638 642
638 643
638 644
638 645
638 647
638 651
638 652
638 680
638 682
638 685
638 937
638 939
638 1118
638 1119
638 1123
639 5
639 6
639 7
639 10
639 11
639 20
639 21
639 22
639 25
639 26
639 27
639 28
639 29
639 30
639 31
639 34
639 53
639 54
639 55
639 57
639 58
639 59
639 60
639 65
639 74
639 80
639 108
639 126
639 127
639 129
639 137
639 138
639 139
639 141
639 145
639 151
639 152
639 153
639 154
639 155
639 156
639 163
639 164
639 165
639 166
639 167
639 168
639 169
639 170
639 171
639 182
639 184
639 185
639 186
639 188
639 189
639 193
639 194
639 208
639 209
639 223
639 243
639 245
639 262
639 264
639 266
639 282
639 283
639 284
639 286
639 306
639 320
639 323
639 436
639 468
639 471
639 472
639 476
639 480
639 506
639 507
639 508
639 509
639 510
639 547
639 551
639 552
639 555
639 564
639 565
639 573
639 575
639 591
639 632
639 636
639 647
639 650
639 651
639 683
639 685
639 937
639 939
639 957
639 1099
639 1119
639 1120
639 1122
640 8
640 9
640 19
640 27
640 35
640 56
640 64
640 72
640 73
640 74
640 75
640 76
640 80
640 108
640 118
640 119
640 128
640 130
640 133
640 134
640 139
640 140
640 141
640 143
640 144
640 150
640 151
640 157
640 177
640 178
640 179
640 180
640 181
640 186
640 189
640 191
640 200
640 224
640 243
640 245
640 262
640 264
640 266
640 273
640 276
640 278
640 279
640 280
640 281
640 285
640 306
640 320
640 322
640 323
640 436
640 471
640 480
640 547
640 553
640 554
640 556
640 557
640 558
640 559
640 560
640 562
640 563
640 566
640 567
640 573
640 574
640 636
640 647
640 651
640 683
640 685
640 937
640 940
640 957
640 1099
640 1120
640 1122
641 10
641 19
641 32
641 35
641 64
641 65
641 66
641 67
641 72
641 77
641 79
641 80
641 118
641 125
641 130
641 132
641 133
641 135
641 136
641 142
641 143
641 144
641 146
641 147
641 150
641 158
641 159
641 183
641 186
641 189
641 192
641 193
641 199
641 220
641 221
641 243
641 245
641 254
641 262
641 266
641 267
641 268
641 269
641 270
641 271
641 272
641 273
641 274
641 275
641 276
641 277
641 322
641 436
641 547
641 559
641 636
641 647
641 651
641 683
641 787
641 801
641 880
641 937
641 957
641 1097
641 1100
641 1120
641 1122
641 1167
641 1186
641 1190
641 1192
641 1193
642 10
642 19
642 24
642 25
642 26
642 31
642 32
642 33
642 34
642 35
642 50
642 51
642 52
642 65
642 66
642 69
642 70
642 71
642 72
642 77
642 78
642 79
642 110
642 112
642 118
642 120
642 125
642 130
642 133
642 136
642 140
642 141
642 144
642 146
642 149
642 184
642 185
642 186
642 188
642 191
642 192
642 199
642 219
642 220
642 243
642 245
642 254
642 265
642 266
642 436
642 546
642 547
642 636
642 647
642 650
642 683
642 787
642 801
642 877
642 880
642 937
642 956
642 957
642 1059
642 1098
642 1100
642 1120
642 1122
642 1154
642 1155
642 1164
642 1167
642 1177
642 1186
642 1187
642 1190
642 1192
643 10
643 19
643 25
643 26
643 27
643 28
643 29
643 49
643 50
643 66
643 67
643 69
643 78
643 103
643 104
643 105
643 106
643 107
643 108
643 111
643 114
643 116
643 118
643 120
643 125
643 130
643 133
643 136
643 137
643 138
643 139
643 144
643 145
643 149
643 167
643 177
643 182
643 183
643 184
643 186
643 187
643 191
643 199
643 210
643 211
643 212
643 218
643 220
643 227
643 251
643 252
643 253
643 254
643 255
643 256
643 257
643 258
643 259
643 263
643 264
643 265
643 271
643 272
643 273
643 436
643 636
643 647
643 649
643 653
643 683
643 787
643 788
643 789
643 790
643 791
643 793
643 794
643 795
643 796
643 797
643 798
643 799
643 801
643 862
643 875
643 876
643 877
643 878
643 880
643 937
643 940
643 956
643 982
643 983
643 984
643 985
643 986
643 1054
643 1055
643 1059
643 1065
643 1098
643 1100
643 1120
643 1122
643 1135
643 1150
643 1154
643 1164
643 1165
643 1166
643 1167
643 1175
643 1176
643 1177
643 1178
643 1179
643 1186
643 1188
643 1189
643 1190
643 1191
643 1192
644 10
644 19
644 49
644 67
644 68
644 78
644 103
644 109
644 112
644 114
644 115
644 118
644 120
644 125
644 126
644 130
644 133
644 138
644 146
644 149
644 166
644 167
644 176
644 177
644 178
644 179
644 180
644 182
644 187
644 191
644 198
644 199
644 201
644 209
644 210
644 212
644 213
644 214
644 215
644 216
644 217
644 221
644 222
644 223
644 224
644 225
644 226
644 227
644 228
644 229
644 230
644 231
644 232
644 233
644 234
644 235
644 236
644 237
644 238
644 239
644 240
644 241
644 243
644 244
644 245
644 246
644 247
644 248
644 249
644 250
644 260
644 261
644 262
644 649
644 650
644 653
644 788
644 789
644 792
644 793
644 799
644 800
644 862
644 863
644 864
644 875
644 878
644 879
644 880
644 938
644 940
644 956
644 981
644 984
644 986
644 987
644 988
644 991
644 1008
644 1010
644 1011
644 1056
644 1059
644 1065
644 1068
644 1072
644 1073
644 1098
644 1100
644 1120
644 1122
644 1135
644 1136
644 1137
644 1140
644 1146
644 1150
644 1154
644 1155
644 1160
644 1163
644 1165
644 1175
645 9
645 10
645 15
645 19
645 49
645 78
645 106
645 110
645 111
645 112
645 115
645 116
645 118
645 120
645 126
645 128
645 129
645 130
645 133
645 134
645 135
645 136
645 137
645 138
645 149
645 165
645 166
645 170
645 171
645 172
645 176
645 181
645 187
645 191
645 192
645 193
645 194
645 197
645 198
645 201
645 202
645 203
645 204
645 206
645 207
645 208
645 242
645 650
645 651
645 652
645 653
645 805
645 863
645 865
645 866
645 874
645 879
645 928
645 938
645 940
645 987
645 989
645 991
645 1007
645 1009
645 1011
645 1012
645 1051
645 1052
645 1053
645 1054
645 1055
645 1056
645 1057
645 1058
645 1064
645 1066
645 1067
645 1069
645 1070
645 1071
645 1073
645 1098
645 1100
645 1101
645 1105
645 1106
645 1107
645 1108
645 1109
645 1110
645 1117
645 1118
645 1119
645 1120
645 1122
645 1137
645 1138
645 1140
645 1141
645 1142
645 1145
645 1147
645 1148
645 1150
645 1156
645 1157
645 1158
645 1159
645 1160
645 1175
645 1177
646 9
646 14
646 15
646 16
646 18
646 49
646 52
646 53
646 54
646 55
646 78
646 107
646 109
646 116
646 118
646 120
646 121
646 127
646 131
646 140
646 149
646 165
646 170
646 173
646 174
646 175
646 188
646 189
646 190
646 195
646 196
646 205
646 652
646 805
646 806
646 807
646 808
646 809
646 810
646 811
646 812
646 813
646 814
646 815
646 816
646 817
646 851
646 863
646 867
646 868
646 873
646 875
646 879
646 880
646 929
646 937
646 938
646 940
646 942
646 945
646 987
646 989
646 990
646 1007
646 1012
646 1013
646 1045
646 1046
646 1048
646 1049
646 1050
646 1064
646 1071
646 1093
646 1094
646 1095
646 1096
646 1097
646 1098
646 1101
646 1102
646 1105
646 1110
646 1111
646 1122
646 1138
646 1139
646 1142
646 1143
646 1144
646 1145
646 1149
646 1150
646 1172
646 1173
646 1174
646 1175
646 1176
646 1177
646 1178
646 1179
646 1180
647 9
647 11
647 13
647 16
647 17
647 18
647 49
647 52
647 55
647 78
647 106
647 108
647 118
647 119
647 120
647 123
647 126
647 127
647 140
647 150
647 170
647 185
647 186
647 187
647 652
647 817
647 851
647 868
647 875
647 880
647 921
647 929
647 938
647 940
647 942
647 943
647 944
647 945
647 987
647 989
647 1006
647 1013
647 1014
647 1016
647 1020
647 1046
647 1047
647 1048
647 1092
647 1093
647 1096
647 1105
647 1122
647 1143
647 1148
647 1150
647 1172
648 9
648 10
648 13
648 16
648 18
648 48
648 105
648 108
648 109
648 111
648 112
648 113
648 115
648 116
648 122
648 123
648 125
648 126
648 140
648 150
648 159
648 163
648 164
648 165
648 167
648 168
648 169
648 170
648 172
648 185
648 817
648 851
648 866
648 868
648 873
648 875
648 922
648 923
648 924
648 925
648 926
648 929
648 932
648 933
648 934
648 937
648 938
648 940
648 942
648 1004
648 1005
648 1006
648 1014
648 1015
648 1019
648 1020
648 1092
648 1122
648 1123
648 1124
648 1150
648 1164
649 10
649 13
649 16
649 17
649 18
649 48
649 99
649 106
649 110
649 114
649 117
649 118
649 119
649 120
649 121
649 122
649 126
649 150
649 151
649 152
649 153
649 154
649 155
649 156
649 157
649 158
649 160
649 161
649 163
649 166
649 171
649 659
649 851
649 866
649 867
649 868
649 873
649 874
649 875
649 926
649 927
649 928
649 929
649 930
649 931
649 934
649 935
649 936
649 937
649 939
649 940
649 941
649 942
649 1016
649 1017
649 1018
649 1019
649 1020
649 1021
649 1022
649 1023
649 1028
649 1029
649 1030
649 1032
649 1033
649 1162
649 1163
649 1164
649 1165
650 7
650 8
650 13
650 16
650 19
650 48
650 99
650 106
650 107
650 108
650 111
650 113
650 126
650 162
650 163
650 659
650 660
650 858
650 859
650 864
650 865
650 1024
650 1025
650 1026
650 1027
650 1031
650 1054
650 1055
650 1057
650 1154
650 1155
650 1156
650 1157
650 1158
650 1159
650 1160
650 1161
650 1162
651 9
651 10
651 11
651 12
651 13
651 16
651 19
651 20
651 48
651 98
651 99
651 100
651 101
651 102
651 111
651 113
651 126
651 127
651 660
651 665
651 666
651 857
651 858
651 860
651 862
651 863
651 864
651 1056
651 1057
652 13
652 16
652 28
652 49
652 102
652 111
652 127
652 355
652 356
652 357
652 660
652 664
652 666
652 667
652 856
652 857
652 861
652 864
652 1055
652 1057
653 14
653 16
653 27
653 28
653 38
653 39
653 49
653 111
653 112
653 357
653 661
653 663
653 664
653 667
653 856
653 1055
653 1057
654 26
654 28
654 39
654 40
654 50
654 53
654 355
654 357
654 661
654 664
654 964
655 40
655 50
655 52
655 53
655 79
655 80
655 81
655 355
655 356
655 357
655 661
655 663
655 664
655 964
655 965
656 40
656 41
656 42
656 43
656 44
656 45
656 50
656 51
656 54
656 79
656 81
656 108
656 109
656 110
656 663
657 39
657 44
657 48
657 49
657 51
657 55
657 79
657 81
657 107
657 111
657 159
657 662
657 732
657 733
657 734
657 735
658 48
658 51
658 55
658 56
658 108
658 111
658 112
658 157
658 158
658 159
658 662
658 732
658 735
658 736
658 740
659 48
659 51
659 55
659 57
659 109
659 112
659 157
659 161
659 736
659 737
659 740
660 48
660 50
660 109
660 110
660 112
660 157
660 161
661 50
661 86
661 87
661 88
661 89
661 111
661 157
661 160
662 89
662 90
662 160
663 160
664 160
665 160
668 20
669 20
670 20
671 20
